wave norm
1579.5 1.02622676915
1581.0 2.35822128305
1582.5 -0.694255377185
1584.0 -0.0994681535237
1585.5 0.0920873620411
1587.0 0.462040833301
1588.5 1.00276789233
1590.0 0.375386213129
1591.5 -0.318580351074
1593.0 -0.340569633674
1594.5 -0.0379785075164
1596.0 0.263277265205
1597.5 -0.296102594996
1599.0 -0.233145118778
1600.5 0.170268712347
1602.0 0.440205482053
1603.5 0.670086558425
1605.0 1.33357918352
1606.5 0.358541742331
1608.0 1.40727150624
1609.5 -1.18798230696
1611.0 1.28900343816
1612.5 -0.975481239022
1614.0 -0.624717045388
1615.5 1.33219346974
1617.0 0.546106910318
1618.5 11.5761834259
1620.0 -2.93288008698
1621.5 -3.39927184932
1623.0 -2.18568735933
1624.5 3.37148969594
1626.0 4.13964824556
1627.5 1.69360869754
1629.0 -6.80510639164
1630.5 13.6027732834
1632.0 -13.7425125559
1633.5 13.2288646109
1635.0 4.62316914169
1636.5 -3.1087728182
1638.0 2.85602703631
1639.5 3.9243892147
1641.0 0.117333694289
1642.5 -0.219623343215
1644.0 0.404280822239
1645.5 1.29953976043
1647.0 2.31452500603
1648.5 1.1606112473
1650.0 1.42057598021
1651.5 2.78120573173
1653.0 0.915724073056
1654.5 2.13266795649
1656.0 1.84467503753
1657.5 0.48038829923
1659.0 0.522713959166
1660.5 0.358949999543
1662.0 -0.729987676817
1663.5 0.371162073156
1665.0 1.30134164271
1666.5 -0.00040058656803
1668.0 2.07276784148
1669.5 0.115300719396
1671.0 0.863320711383
1672.5 2.28136426966
1674.0 0.11906679192
1675.5 0.979979619103
1677.0 0.685268309584
1678.5 0.211593448792
1680.0 0.745708860375
1681.5 1.69174458141
1683.0 0.747201207187
1684.5 0.958728188401
1686.0 1.11602152281
1687.5 0.994786727681
1689.0 1.30035553731
1690.5 0.971656396847
1692.0 1.9118059279
1693.5 1.43936280813
1695.0 2.19744677069
1696.5 1.94333545291
1698.0 2.46175173507
1699.5 0.0142684106735
1701.0 2.32308582221
1702.5 2.79112476987
1704.0 3.36390293066
1705.5 2.94294282219
1707.0 3.17720157763
1708.5 1.33288309069
1710.0 0.53160306688
1711.5 1.28726037158
1713.0 2.44537608294
1714.5 3.37894481081
1716.0 2.2372272993
1717.5 1.78389722745
1719.0 1.38565175207
1720.5 0.883479761589
1722.0 0.1973353807
1723.5 0.752108070908
1725.0 0.560234955247
1726.5 1.48293933103
1728.0 0.566119401839
1729.5 0.809827576746
1731.0 0.51525293424
1732.5 1.24308402601
1734.0 0.807200704368
1735.5 1.62350172074
1737.0 0.815340308263
1738.5 -0.570232426489
1740.0 1.05882157045
1741.5 0.112900779556
1743.0 -0.200224356614
1744.5 -0.0645657488722
1746.0 0.264658088022
1747.5 0.517964145475
1749.0 0.200334967577
1750.5 -0.102440164644
1752.0 0.747339373781
1753.5 0.654809350567
1755.0 0.588560580044
1756.5 0.811750525054
1758.0 0.871067372779
1759.5 1.2394204767
1761.0 0.749083965916
1762.5 1.51349144232
1764.0 0.398582823696
1765.5 0.785134448987
1767.0 0.64808178792
1768.5 0.147733357342
1770.0 0.809425000933
1771.5 0.36047892887
1773.0 0.676804978228
1774.5 0.557377450761
1776.0 0.459919357855
1777.5 0.539550625873
1779.0 0.866776882183
1780.5 0.775647917436
1782.0 1.27589348595
1783.5 1.18696999176
1785.0 1.00451409545
1786.5 1.06054257856
1788.0 1.16463413371
1789.5 0.817197184773
1791.0 0.847982326196
1792.5 1.06671502646
1794.0 1.19692603222
1795.5 1.16194808524
1797.0 0.737900574721
1798.5 1.00034521975
1800.0 1.05499328797
1801.5 1.16537079804
1803.0 1.15257339144
1804.5 1.11017236571
1806.0 1.53730320865
1807.5 1.7377656381
1809.0 1.39881581889
1810.5 0.811862860981
1812.0 1.05791971212
1813.5 1.0071485198
1815.0 1.02117452358
1816.5 1.03971420909
1818.0 1.07629848864
1819.5 0.828529757914
1821.0 0.822286881548
1822.5 0.853999258938
1824.0 0.892282321909
1825.5 0.904259250801
1827.0 0.886117198754
1828.5 0.844964170524
1830.0 0.815623538833
1831.5 0.844481473781
1833.0 0.843494233843
1834.5 0.904381595983
1836.0 1.08190119011
1837.5 1.01043009574
1839.0 0.981154254291
1840.5 1.00907576446
1842.0 0.950303106071
1843.5 1.10083611225
1845.0 1.01316979196
1846.5 0.983776735119
1848.0 1.05905055397
1849.5 0.947289180488
1851.0 1.01035982185
1852.5 1.10289531898
1854.0 1.10516601462
1855.5 0.960978065933
1857.0 0.999618411994
1858.5 1.05785085909
1860.0 0.962148474058
1861.5 0.952931783612
1863.0 1.04166333938
1864.5 0.979749664635
1866.0 1.10662544195
1867.5 1.07825728852
1869.0 1.12558658767
1870.5 1.17439758066
1872.0 1.06289441324
1873.5 0.930699528825
1875.0 1.01392211167
1876.5 0.985360905335
1878.0 0.964799046508
1879.5 0.94639554628
1881.0 0.93976918724
1882.5 0.932026160518
1884.0 0.873685930397
1885.5 0.959838089953
1887.0 0.949400811162
1888.5 0.957625855782
1890.0 1.02085011547
1891.5 0.995271239606
1893.0 1.00705317957
1894.5 1.09548997753
1896.0 1.04081388178
1897.5 0.981543660542
1899.0 1.03028959154
1900.5 1.06739589137
1902.0 1.0404082761
1903.5 1.07393647978
1905.0 1.0036901242
1906.5 1.02345790611
1908.0 0.99877975964
1909.5 1.03164935498
1911.0 1.04475518705
1912.5 0.979057230529
1914.0 1.02126163907
1915.5 1.01259017761
1917.0 1.01060844439
1918.5 0.905114315527
1920.0 0.900244592441
1921.5 0.94363132612
1923.0 0.919376585384
1924.5 0.887887301767
1926.0 0.953669356696
1927.5 1.00722375728
1929.0 0.910255952695
1930.5 0.947164122748
1932.0 0.953431467624
1933.5 0.928556375922
1935.0 0.939370980889
1936.5 0.983870397102
1938.0 0.988870747428
1939.5 0.985323743769
1941.0 1.01805847341
1942.5 0.950434449283
1944.0 0.980945031221
1945.5 1.04828013976
1947.0 1.14935243544
1948.5 1.03109488877
1950.0 0.988117724503
1951.5 1.00290195406
1953.0 0.991141095395
1954.5 1.0726905584
1956.0 1.04032463056
1957.5 1.18558886967
1959.0 1.11885431349
1960.5 1.03203473535
1962.0 0.966573652817
1963.5 1.02693040276
1965.0 0.986462143173
1966.5 1.04556527331
1968.0 0.992787396703
1969.5 0.985621376529
1971.0 0.996881101587
1972.5 1.02525819864
1974.0 0.914503731937
1975.5 1.00451555488
1977.0 0.950084095612
1978.5 0.907585030791
1980.0 0.90138688807
1981.5 0.936446398373
1983.0 0.894952672197
1984.5 0.830697551833
1986.0 0.947644958851
1987.5 0.934796400985
1989.0 0.96973986191
1990.5 0.956408217389
1992.0 1.03953277631
1993.5 1.05446646613
1995.0 0.985963391488
1996.5 0.939138915974
1998.0 0.978120590971
1999.5 0.954172989548
2001.0 0.982766700438
2002.5 0.977121937391
2004.0 0.962541397653
2005.5 1.04918009768
2007.0 1.02442487274
2008.5 1.00230246022
2010.0 1.06688408961
2011.5 1.1053436901
2013.0 1.01201605076
2014.5 0.977931139925
2016.0 1.03920883748
2017.5 1.026090926
2019.0 0.985082707771
2020.5 1.01316931033
2022.0 0.991606551499
2023.5 0.99221701285
2025.0 1.02951572925
2026.5 1.06430181532
2028.0 1.0287382814
2029.5 0.986088311291
2031.0 1.01360011027
2032.5 0.955325066932
2034.0 0.990048676681
2035.5 0.993678823837
2037.0 0.919122877323
2038.5 0.988116956299
2040.0 1.02565144983
2041.5 1.00154636758
2043.0 0.946576120417
2044.5 0.998858026435
2046.0 1.04484752849
2047.5 0.996085333934
2049.0 0.960634513004
2050.5 0.994058844958
2052.0 0.976257558979
2053.5 0.981873468432
2055.0 0.952187791271
2056.5 0.996235519792
2058.0 0.959086529478
2059.5 0.951208495454
2061.0 0.922153079324
2062.5 0.851100936569
2064.0 0.940469257971
2065.5 0.97091597643
2067.0 0.960579009217
2068.5 0.99937522892
2070.0 1.00354086692
2071.5 1.00529104393
2073.0 0.990343173045
2074.5 0.952608268131
2076.0 1.00642139702
2077.5 0.938204890868
2079.0 0.895210660891
2080.5 0.928183743031
2082.0 0.871898170064
2083.5 0.846414110138
2085.0 0.89987803401
2086.5 1.00787888102
2088.0 0.969497853759
2089.5 0.929317350109
2091.0 0.903020954587
2092.5 0.933761706234
2094.0 0.975075692975
2095.5 0.926061586744
2097.0 1.02132633294
2098.5 0.986005873844
2100.0 1.00205143821
2101.5 0.996518595454
2103.0 1.01506884332
2104.5 1.03549238305
2106.0 1.0451193053
2107.5 1.01267737881
2109.0 0.991455927068
2110.5 1.02117040664
2112.0 1.01286839406
2113.5 1.06705954954
2115.0 1.05463133767
2116.5 1.06571792106
2118.0 1.02447654343
2119.5 1.06030557193
2121.0 1.02123310297
2122.5 0.946891924161
2124.0 1.00819872578
2125.5 1.0564286803
2127.0 0.909408997945
2128.5 0.961225068169
2130.0 0.988874803742
2131.5 0.939694557373
2133.0 0.964539003301
2134.5 1.01773895597
2136.0 0.949787450291
2137.5 0.994462231994
2139.0 0.987575382942
2140.5 0.967028071573
2142.0 0.986960282855
2143.5 0.989038562912
2145.0 0.999816996263
2146.5 1.0091683639
2148.0 1.01842835037
2149.5 0.983753311404
2151.0 0.991901017152
2152.5 1.0554317063
2154.0 1.03834865105
2155.5 1.04177818641
2157.0 1.02974217354
2158.5 1.01125455624
2160.0 1.06868756219
2161.5 0.991696924545
2163.0 1.03334887186
2164.5 1.07279586456
2166.0 0.957917277361
2167.5 1.0246299899
2169.0 1.00331704737
2170.5 0.889080858246
2172.0 0.96871789939
2173.5 1.00874192846
2175.0 1.01490173173
2176.5 0.966882602799
2178.0 0.989220008275
2179.5 1.01934509319
2181.0 0.932374903428
2182.5 0.926923689641
2184.0 0.960451899965
2185.5 0.966407990212
2187.0 1.00799213791
2188.5 1.03129970864
2190.0 1.03227337315
2191.5 1.00507847826
2193.0 0.973800466957
2194.5 1.04139482968
2196.0 1.02727489881
2197.5 1.02799034314
2199.0 0.974262108444
2200.5 1.01589899225
2202.0 1.00789008284
2203.5 1.04505846236
2205.0 1.03305380714
2206.5 1.04094038071
2208.0 1.03956823139
2209.5 1.00445123308
2211.0 1.0493018737
2212.5 0.992035913929
2214.0 0.967260702361
2215.5 1.06084560928
2217.0 1.00381523753
2218.5 1.00567346271
2220.0 1.04461030238
2221.5 0.997109825426
2223.0 1.11434809242
2224.5 0.901010981494
2226.0 0.938566985262
2227.5 1.00052338833
2229.0 1.032895657
2230.5 0.951506447632
2232.0 1.02187191667
2233.5 1.01592299541
2235.0 0.932935772965
2236.5 0.976853815713
2238.0 1.02246967155
2239.5 0.948286581994
2241.0 0.952149091207
2242.5 0.966286948887
2244.0 1.05019529991
2245.5 1.00995226364
2247.0 0.980214765918
2248.5 0.908654220966
2250.0 0.960501579406
2251.5 1.03186975544
2253.0 0.947094643761
2254.5 0.976363475511
2256.0 1.05269861755
2257.5 0.931593128599
2259.0 1.00895555498
2260.5 0.995225474714
2262.0 1.08606780191
2263.5 0.972689279786
2265.0 1.04392108613
2266.5 1.07227085966
2268.0 0.961625755519
2269.5 0.97616070009
2271.0 1.03904851115
2272.5 1.0520111722
2274.0 1.04003376964
2275.5 1.00293129137
2277.0 0.984236321982
2278.5 1.03438772721
2280.0 0.975781345642
2281.5 1.0009660276
2283.0 0.992875116112
2284.5 1.03206654605
2286.0 0.934395292616
2287.5 0.920600918187
2289.0 1.04587012204
2290.5 1.02589733834
2292.0 0.96112231755
2293.5 0.973169724883
2295.0 0.982990344019
2296.5 0.942592058796
2298.0 0.973181168774
2299.5 1.00487522684
2301.0 1.06237867264
2302.5 1.03625574693
2304.0 0.981278563024
2305.5 0.981298744984
2307.0 0.974147669057
2308.5 0.890856820185
2310.0 0.875426129798
2311.5 0.940832012975
2313.0 0.960063524597
2314.5 0.949293843051
2316.0 0.942626228864
2317.5 0.972855994559
2319.0 0.897592639381
2320.5 0.923585175173
2322.0 0.957794966587
2323.5 1.00493504831
2325.0 0.951438598139
2326.5 0.9770248982
2328.0 1.00232452381
2329.5 1.0141894808
2331.0 0.982570552668
2332.5 0.974583597219
2334.0 0.96040997446
2335.5 0.957100879071
2337.0 0.96218743286
2338.5 0.953740754273
2340.0 1.02655023943
2341.5 0.985316267845
2343.0 0.923752906765
2344.5 0.875926519533
2346.0 0.963595479549
2347.5 0.996695012553
2349.0 1.03037953728
2350.5 0.985984335281
2352.0 0.987930273163
2353.5 0.981045229881
2355.0 0.989598027535
2356.5 1.00129540087
2358.0 0.998943583644
2359.5 1.00994731705
2361.0 0.964496333814
2362.5 1.00661423083
2364.0 0.99761745287
2365.5 0.995231340948
2367.0 0.996093489809
2368.5 0.975780963115
2370.0 1.00341524045
2371.5 1.03954941665
2373.0 1.01327962493
2374.5 0.922005895843
2376.0 0.931406291718
2377.5 1.04386831822
2379.0 1.05413760305
2380.5 1.02357577505
2382.0 1.05264259134
2383.5 0.984891171248
2385.0 1.01822342806
2386.5 1.0770444291
2388.0 1.08295391687
2389.5 1.0590836687
2391.0 1.02956269767
2392.5 1.00423563691
2394.0 1.02162259324
2395.5 0.990938091589
2397.0 0.965327344282
2398.5 0.97324843785
2400.0 0.995974931576
2401.5 1.01283653583
2403.0 1.00268369785
2404.5 0.989518393557
2406.0 0.978531926873
2407.5 0.995583924904
2409.0 1.01439117858
2410.5 1.02855633884
2412.0 0.995428346485
2413.5 1.00444995647
2415.0 1.0171860806
2416.5 1.03413652723
2418.0 0.965173511148
2419.5 1.02252729937
2421.0 1.01980746587
2422.5 0.980464046107
2424.0 1.04278857516
2425.5 1.02434573257
2427.0 0.985690416203
2428.5 1.00959316177
2430.0 0.99892100716
2431.5 1.03219042761
2433.0 1.01325143457
2434.5 0.983793350058
2436.0 0.967609837785
2437.5 0.977431681056
2439.0 1.02738522894
2440.5 1.01541229707
2442.0 0.976776745663
2443.5 1.01575741179
2445.0 1.00760357185
2446.5 0.993827519408
2448.0 0.981373686445
2449.5 1.02415650406
2451.0 1.01056797736
2452.5 0.965833065926
2454.0 0.995654635633
2455.5 1.04546101038
2457.0 0.980038966316
2458.5 0.9772446318
2460.0 1.01052869624
2461.5 1.00373816524
2463.0 1.01012442502
2464.5 1.00286342155
2466.0 1.03137321518
2467.5 1.03580563575
2469.0 1.01681987049
2470.5 1.01574442202
2472.0 1.02421249987
2473.5 0.950646930955
2475.0 1.07799463105
2476.5 1.03715707268
2478.0 1.02796200805
2479.5 1.04042887139
2481.0 0.979105879392
2482.5 0.950516439847
2484.0 1.05253877592
2485.5 0.974626041568
2487.0 0.973533006685
2488.5 1.07609604058
2490.0 0.999208936948
2491.5 1.01157197032
2493.0 1.00733027356
2494.5 0.980803697433
2496.0 0.997757120211
2497.5 0.947768809515
2499.0 0.948711976346
2500.5 0.969645948531
2502.0 1.02632060771
2503.5 0.981835611565
2505.0 1.00836466001
2506.5 0.926345855565
2508.0 0.95832889832
2509.5 0.974818439273
2511.0 1.01429031954
2512.5 0.98586240296
2514.0 1.00543852421
2515.5 1.00897294024
2517.0 1.0353356618
2518.5 1.07391684585
2520.0 1.0921828748
2521.5 1.05122801967
2523.0 0.999736227489
2524.5 1.04445948291
2526.0 1.05457597718
2527.5 1.02743034013
2529.0 1.01739467058
2530.5 0.982111596692
2532.0 0.976915837296
2533.5 1.00970503722
2535.0 1.00565523122
2536.5 1.03373318106
2538.0 0.952256602487
2539.5 0.981897856422
2541.0 0.988640197608
2542.5 0.998281586734
2544.0 0.970217798928
2545.5 0.985446665256
2547.0 1.00334220796
2548.5 0.972668334623
2550.0 0.956146587797
2551.5 1.0216649667
2553.0 1.00408761392
2554.5 0.999644188415
2556.0 0.977828304732
2557.5 0.99430805337
2559.0 0.987799472578
2560.5 0.987691917212
2562.0 0.998343280967
2563.5 1.00453225507
2565.0 0.985475106651
2566.5 0.981978402579
2568.0 1.02737483163
2569.5 1.00131082976
2571.0 0.996443377613
2572.5 1.01374674529
2574.0 1.00912670622
2575.5 1.02910992421
2577.0 1.03251503145
2578.5 1.01497142093
2580.0 1.02437238972
2581.5 1.03199951569
2583.0 1.03011282316
2584.5 0.996127437222
2586.0 0.96595747935
2587.5 0.957869456383
2589.0 0.993786207734
2590.5 1.03623931073
2592.0 1.01774999697
2593.5 1.01257248697
2595.0 1.04575106422
2596.5 1.04259234827
2598.0 1.02531400282
2599.5 0.940768593317
2601.0 0.87642370217
2602.5 1.00546210668
2604.0 1.00209538068
2605.5 0.999599590811
2607.0 1.00689828171
2608.5 1.02454017003
2610.0 1.0184199159
2611.5 1.00137352496
2613.0 1.01949364103
2614.5 1.02428721092
2616.0 0.96496676464
2617.5 1.02487290191
2619.0 1.01596538816
2620.5 0.938800786788
2622.0 1.00140769884
2623.5 1.00620900139
2625.0 1.00337969419
2626.5 0.996439009938
2628.0 0.992946320405
2629.5 1.0398234358
2631.0 1.02986455626
2632.5 1.02688159506
2634.0 0.99011812611
2635.5 1.03747894859
2637.0 1.06013458169
2638.5 1.03733905985
2640.0 1.028864059
2641.5 0.977617141539
2643.0 0.996045566706
2644.5 1.04176290382
2646.0 1.05432617896
2647.5 1.00384476104
2649.0 1.01032871479
2650.5 1.02374584661
2652.0 1.04848900079
2653.5 1.03008103479
2655.0 0.986634022893
2656.5 0.991476700126
2658.0 0.997355066093
2659.5 0.998824778762
2661.0 0.973080252932
2662.5 0.986984087098
2664.0 1.00100293252
2665.5 1.0425159732
2667.0 0.992034230696
2668.5 0.954240763278
2670.0 0.943218555997
2671.5 0.964379481676
2673.0 0.981103501391
2674.5 1.03925683233
2676.0 1.02027490643
2677.5 0.981040547476
2679.0 1.0005277239
2680.5 0.986630579384
2682.0 1.03099195017
2683.5 1.02202923198
2685.0 1.04444073772
2686.5 1.06190152269
2688.0 1.06463107338
2689.5 1.04271504731
2691.0 1.00395936388
2692.5 1.00930836433
2694.0 1.03658389272
2695.5 0.987706886106
2697.0 0.999239294644
2698.5 1.0330992162
2700.0 1.00088862771
2701.5 0.984581426776
2703.0 0.972591631218
2704.5 1.00887299181
2706.0 0.989086981546
2707.5 0.998811801202
2709.0 0.986336419246
2710.5 0.999808930774
2712.0 1.02791265769
2713.5 0.983695149042
2715.0 0.961148416451
2716.5 0.976483293465
2718.0 0.990248299548
2719.5 1.02251014531
2721.0 1.02585114241
2722.5 0.988420648697
2724.0 1.03329115781
2725.5 0.985840736948
2727.0 0.961992747905
2728.5 0.989804227168
2730.0 1.01063893212
2731.5 0.999409512731
2733.0 0.98281194773
2734.5 0.986165814203
2736.0 1.01457838564
2737.5 1.00252675789
2739.0 1.02985528618
2740.5 1.03449239514
2742.0 1.00750978601
2743.5 1.01200480598
2745.0 0.988619806041
2746.5 1.01626039831
2748.0 1.02007105212
2749.5 0.995425603285
2751.0 1.01337926645
2752.5 1.01078212227
2754.0 1.01025376096
2755.5 0.992409971182
2757.0 0.983319195497
2758.5 0.989190440616
2760.0 0.991841623264
2761.5 0.972753667298
2763.0 0.967298530147
2764.5 0.986450550194
2766.0 0.992766323464
2767.5 1.00217854871
2769.0 0.987620327089
2770.5 1.00497036975
2772.0 1.0067551629
2773.5 1.02184378114
2775.0 1.01861012539
2776.5 1.01990471236
2778.0 0.986004904947
2779.5 1.00425350705
2781.0 1.00195803757
2782.5 1.00533033123
2784.0 1.00665944464
2785.5 1.0184571796
2787.0 1.00333585951
2788.5 0.990091549669
2790.0 1.00888991658
2791.5 1.01087969124
2793.0 0.995753414857
2794.5 0.920111109152
2796.0 0.857248792997
2797.5 0.839060705177
2799.0 0.96709993729
2800.5 0.929333697371
2802.0 0.918459647365
2803.5 0.851270252202
2805.0 0.900292497543
2806.5 0.966485655524
2808.0 0.989782653479
2809.5 0.993837972392
2811.0 1.0132294303
2812.5 1.00333336964
2814.0 0.984527770533
2815.5 0.98621260407
2817.0 0.997940123921
2818.5 0.994515850754
2820.0 0.992996898774
2821.5 1.0137592763
2823.0 0.995695875128
2824.5 0.994501038143
2826.0 1.01151184153
2827.5 0.975324752559
2829.0 0.992658168215
2830.5 1.02776252515
2832.0 1.01490936178
2833.5 1.01687777905
2835.0 1.03833866758
2836.5 1.03692043446
2838.0 1.01257493832
2839.5 0.995112965419
2841.0 1.01524912408
2842.5 1.00293827036
2844.0 1.02195887861
2845.5 1.02550430277
2847.0 1.00335987963
2848.5 0.996499202579
2850.0 0.992725411457
2851.5 0.991276625179
2853.0 0.969996368895
2854.5 0.97610104197
2856.0 0.996639063804
2857.5 0.993785361697
2859.0 0.989664782022
2860.5 1.0050765449
2862.0 1.00861128749
2863.5 1.0294433202
2865.0 1.02864229255
2866.5 1.0063554249
2868.0 1.0024345086
2869.5 0.988738933907
2871.0 0.996763176228
2872.5 1.0017207403
2874.0 0.985618181679
2875.5 0.994539252366
2877.0 1.01466371669
2878.5 1.01575443732
2880.0 0.995182880548
2881.5 1.0125959176
2883.0 0.999451315033
2884.5 1.01630323454
2886.0 1.01023767595
2887.5 0.984447202092
2889.0 1.012396807
2890.5 0.982830492652
2892.0 1.0082213565
2893.5 1.00521078753
2895.0 1.00713651262
2896.5 1.02321990374
2898.0 0.997334692072
2899.5 1.00654400014
2901.0 1.00311938524
2902.5 1.00690768769
2904.0 1.04064101592
2905.5 1.02385493761
2907.0 1.00038692689
2908.5 1.00672820845
2910.0 0.992911682185
2911.5 1.0124180174
2913.0 0.99148791286
2914.5 0.986750630841
2916.0 0.995527160215
2917.5 0.983037816381
2919.0 0.999984192191
2920.5 1.02421035911
2922.0 1.00401485614
2923.5 0.99192330281
2925.0 1.01698147696
2926.5 0.996428453859
2928.0 0.959504438003
2929.5 0.993939676386
2931.0 1.00517878255
2932.5 0.962226283471
2934.0 0.984560818026
2935.5 0.994482790375
2937.0 0.98989131593
2938.5 0.984731528662
2940.0 0.978608530225
2941.5 0.98607480215
2943.0 1.00503593957
2944.5 1.00099674782
2946.0 1.00950827987
2947.5 1.00133125737
2949.0 0.999296691009
2950.5 0.994491165403
2952.0 1.00124335858
2953.5 1.00697142678
2955.0 1.00822278018
2956.5 0.990363222129
2958.0 0.98300986582
2959.5 1.00784188271
2961.0 1.02458972334
2962.5 1.00170976533
2964.0 1.00447488547
2965.5 1.01479996615
2967.0 1.02236015832
2968.5 0.996102170491
2970.0 1.01043329643
2971.5 1.01355482748
2973.0 1.00036722298
2974.5 1.0134819438
2976.0 0.988424249125
2977.5 1.01202669948
2979.0 1.00022967997
2980.5 0.973911232808
2982.0 1.00829075676
2983.5 1.03033722827
2985.0 0.994124437744
2986.5 0.995190074055
2988.0 1.00521675804
2989.5 1.00592122223
2991.0 1.01280632764
2992.5 1.02251417186
2994.0 1.02109538573
2995.5 1.01147407674
2997.0 1.00148821967
2998.5 0.990875229785
3000.0 1.00399126625
3001.5 1.01021029365
3003.0 1.00061110533
3004.5 0.986168116149
3006.0 1.0292288847
3007.5 0.996302073943
3009.0 0.987042713377
3010.5 0.997802135307
3012.0 0.98892561609
3013.5 0.973585294691
3015.0 0.983516129748
3016.5 0.959112584499
3018.0 0.994209517616
3019.5 0.993474042846
3021.0 0.994395591715
3022.5 1.01218937348
3024.0 1.00407611795
3025.5 1.00956891464
3027.0 0.980571607647
3028.5 1.00131966247
3030.0 1.00970908546
3031.5 1.00817982071
3033.0 1.026469692
3034.5 1.01025437169
3036.0 1.00865883199
3037.5 1.01533746974
3039.0 1.02283169627
3040.5 1.02230889024
3042.0 0.99657517882
3043.5 0.980696519635
3045.0 0.993909997917
3046.5 1.00515538078
3048.0 1.00947431442
3049.5 1.00967089756
3051.0 1.00287784407
3052.5 1.01419036168
3054.0 0.998514768819
3055.5 1.00183745188
3057.0 0.99365971257
3058.5 1.00114954153
3060.0 1.00987592732
3061.5 0.980722708234
3063.0 0.989789338515
3064.5 0.983098854365
3066.0 0.999231991656
3067.5 0.998100439442
3069.0 0.973869522404
3070.5 0.991261665318
3072.0 0.980586031887
3073.5 0.994072763098
3075.0 0.974755091832
3076.5 0.989777704095
3078.0 0.986039990114
3079.5 1.01116470881
3081.0 0.985081921196
3082.5 0.999260369921
3084.0 0.989555811992
3085.5 1.00710832987
3087.0 0.981030472379
3088.5 0.981843315345
3090.0 0.971656637257
3091.5 0.976298773051
3093.0 1.00688948912
3094.5 0.989944327903
3096.0 0.977538764338
3097.5 0.989040203355
3099.0 1.01121221953
3100.5 1.00543738871
3102.0 1.00818046293
3103.5 0.983215483301
3105.0 0.974985512928
3106.5 1.01813924932
3108.0 1.03214066245
3109.5 0.962992173737
3111.0 0.964019243145
3112.5 0.972609606279
3114.0 0.952689105451
3115.5 0.955874140929
3117.0 0.963702565285
3118.5 0.95929262634
3120.0 0.960491301662
3121.5 0.982025705008
3123.0 1.00045915189
3124.5 0.978548013368
3126.0 0.96053718883
3127.5 0.979804616036
3129.0 0.985116798608
3130.5 0.994399077837
3132.0 1.00257674267
3133.5 0.974437513965
3135.0 1.02216183201
3136.5 1.00143086112
3138.0 0.972910083343
3139.5 1.02532225498
3141.0 1.00829452685
3142.5 0.982422744916
3144.0 0.966797272571
3145.5 1.03295212182
3147.0 1.03508230502
3148.5 1.02995541867
3150.0 1.08865957148
3151.5 1.04607139196
3153.0 0.779930264774
3154.5 0.834359416848
3156.0 1.40097905679
3157.5 2.02881116083
3159.0 0.0845703402002
