SNe epochs

1992A
	19920124.214
	19920304.310
	19921105.592
	
2011by
	20110430
	20110509
	
2011ek
	20110812
	20110819
	
2011iv
	20111211
	20111215
	20111220
	20111224
	20111228
	20120101
	20120109
	
2012cg

92a
	.214 (19920124.214)
	40.31 (19920304.310)
	286.592 (19921105.592)
11by
	1 (20110430)
	10 (20110509)
11ek
	1 (20110812)
	8 (20110819)
11iv
	1 (20111211)
	4 (20111215)
	9 (20111220)
	13 (20111224)
	17(20111228)
	20 (20120101)
	28(20120109)
12cg
	1
	2
13dy
	.5023
	4.61405
	6.33734
	8.32473
	11.5869
	15.5064
	19.1053
	21.1529
	25.0071
	27.9399
	
14j
	-6.5
	-4.5
	-2.5
	-0.5
	2.5
	6.5
	8.49
	11.49
	14.49
	24.05
	
