5900.00537109376  0.9131736
5900.02278107405  0.9033483
5900.04019105435  0.8923683
5900.05760103465  0.9042514
5900.07501101494  0.9088691
5900.09242099524  0.9317071
5900.10983097554  0.9391069
5900.12724095584  0.9559475
5900.14465093613  0.9711142
5900.16206091643  0.9816693
5900.17947089673  0.9947999
5900.19688087702  0.9970571
5900.21429085732  0.989711
5900.23170083762  0.9903154
5900.24911081791  1.002254
5900.26652079821  1.009393
5900.28393077851  1.007176
5900.30134075881  1.001904
5900.3187507391  0.9769221
5900.3361607194  1.027198
5900.3535706997  0.9954559
5900.37098067999  0.9886857
5900.38839066029  0.9970089
5900.40580064059  0.9775764
5900.42321062088  0.9919274
5900.44062060118  0.9838035
5900.45803058148  0.9835759
5900.47544056178  0.9941691
5900.49285054207  0.9961036
5900.51026052237  0.99411
5900.52767050267  0.9992626
5900.54508048296  0.9852769
5900.56249046326  0.9989178
5900.57990044356  1.01216
5900.59731042386  1.009581
5900.61472040415  1.004787
5900.63213038445  0.9796585
5900.64954036475  1.002343
5900.66695034504  1.019866
5900.68436032534  1.01004
5900.70177030564  1.016233
5900.71918028593  1.009488
5900.73659026623  0.9802881
5900.75400024653  0.9865875
5900.77141022683  1.015013
5900.78882020712  1.014102
5900.80623018742  1.007667
5900.82364016772  0.9836901
5900.84105014802  0.9951239
5900.85846012831  0.9827472
5900.87587010861  0.9995557
5900.89328008891  0.993787
5900.9106900692  0.9925158
5900.9281000495  1.005657
5900.9455100298  0.9911242
5900.96292001009  0.9741713
5900.98032999039  0.9712893
5900.99773997069  0.9851733
5901.01514995099  0.9742621
5901.03255993128  0.9994134
5901.04996991158  0.9920504
5901.06737989188  0.9862391
5901.08478987217  0.9901388
5901.10219985247  0.9994856
5901.11960983277  1.017407
5901.13701981307  1.002071
5901.15442979336  1.001979
5901.17183977366  1.019353
5901.18924975396  1.004234
5901.20665973425  0.9931721
5901.22406971455  0.9720475
5901.24147969485  0.9884028
5901.25888967515  0.9830111
5901.27629965544  0.9636185
5901.29370963574  0.9892812
5901.31111961604  0.9757992
5901.32852959633  0.9636729
5901.34593957663  0.9582613
5901.36334955693  0.9755938
5901.38075953723  0.9509093
5901.39816951752  0.9395406
5901.41557949782  0.9333659
5901.43298947812  0.9002824
5901.45039945841  0.8791472
5901.46780943871  0.8723497
5901.48521941901  0.8787255
5901.50262939931  0.8899754
5901.5200393796  0.9308373
5901.5374493599  0.9389139
5901.5548593402  0.9549786
5901.57226932049  0.9784772
5901.58967930079  0.979679
5901.60708928109  0.9935085
5901.62449926138  1.006926
5901.64190924168  0.9998742
5901.65931922198  0.9917535
5901.67672920228  0.9939622
5901.69413918257  1.003963
5901.71154916287  0.9925701
5901.72895914317  0.9920434
5901.74636912346  1.017448
5901.76377910376  1.031133
5901.78118908406  1.008275
5901.79859906436  0.9913737
5901.81600904465  1.000373
5901.83341902495  0.9977242
5901.85082900525  1.005697
5901.86823898554  1.000058
5901.88564896584  0.9983167
5901.90305894614  0.9879525
5901.92046892644  1.00634
5901.93787890673  1.020034
5901.95528888703  0.9956709
5901.97269886733  1.000639
5901.99010884762  1.009277
5902.00751882792  0.985833
5902.02492880822  0.9870692
5902.04233878851  0.9807663
5902.05974876881  0.9815019
5902.07715874911  0.962204
5902.09456872941  0.9710268
5902.1119787097  0.9625911
5902.12938869  0.9671704
5902.1467986703  0.9764369
5902.16420865059  0.9708121
5902.18161863089  0.9731816
5902.19902861119  0.9704745
5902.21643859149  0.9707817
5902.23384857178  1.005752
5902.25125855208  1.006721
5902.26866853238  1.006629
5902.28607851267  1.010211
5902.30348849297  1.001504
5902.32089847327  0.9920218
5902.33830845356  0.9884305
5902.35571843386  0.9875689
5902.37312841416  0.9968095
5902.39053839446  0.9972408
5902.40794837475  0.9996686
5902.42535835505  1.003184
5902.44276833535  1.005487
5902.46017831564  1.006385
5902.47758829594  1.003887
5902.49499827624  1.002616
5902.51240825654  0.9984958
5902.52981823683  1.005601
5902.54722821713  1.020396
5902.56463819743  0.9997694
5902.58204817772  0.9880058
5902.59945815802  1.006928
5902.61686813832  0.9984121
5902.63427811862  0.9671493
5902.65168809891  1.000263
5902.66909807921  1.003342
5902.68650805951  0.9869993
5902.7039180398  0.9853643
5902.7213280201  0.986267
5902.7387380004  1.002298
5902.75614798069  0.9787985
5902.77355796099  0.9867915
5902.79096794129  0.9899302
5902.80837792159  1.005094
5902.82578790188  1.005705
5902.84319788218  1.01417
5902.86060786248  1.002959
5902.87801784277  1.001757
5902.89542782307  1.012086
5902.91283780337  1.012988
5902.93024778367  1.014965
5902.94765776396  0.9996153
5902.96506774426  1.019479
5902.98247772456  1.029135
5902.99988770485  0.9997934
5903.01729768515  0.9927459
5903.03470766545  1.001191
5903.05211764575  1.013242
5903.06952762604  1.026015
5903.08693760634  1.023435
5903.10434758664  0.9956124
5903.12175756693  1.01404
5903.13916754723  1.035551
5903.15657752753  1.014553
5903.17398750783  1.005456
5903.19139748812  0.9908909
5903.20880746842  0.9973702
5903.22621744872  1.007155
5903.24362742901  0.9853916
5903.26103740931  1.001209
5903.27844738961  0.9994116
5903.29585736991  0.9880999
5903.3132673502  0.9926001
5903.3306773305  0.9985285
5903.3480873108  1.012667
5903.36549729109  1.017062
5903.38290727139  0.9985837
5903.40031725169  1.012685
5903.41772723198  1.009997
5903.43513721228  0.9916564
5903.45254719258  0.9830321
5903.46995717288  0.982383
5903.48736715317  0.9860573
5903.50477713347  0.9724342
5903.52218711377  0.9729407
5903.53959709406  0.9602246
5903.55700707436  0.9682713
5903.57441705466  0.9518478
5903.59182703496  0.9748505
5903.60923701525  0.9744086
5903.62664699555  0.9856579
5903.64405697585  1.000978
5903.66146695614  0.9885951
5903.67887693644  0.9915673
5903.69628691674  0.9722683
5903.71369689703  0.9925146
5903.73110687733  1.012595
5903.74851685763  0.9960091
5903.76592683793  0.9916836
5903.78333681822  0.9755924
5903.80074679852  0.9977329
5903.81815677882  1.009417
5903.83556675912  0.9971588
5903.85297673941  0.9952499
5903.87038671971  1.002046
5903.88779670001  0.9886013
5903.9052066803  0.9934847
5903.9226166606  0.9990727
5903.9400266409  0.9779377
5903.95743662119  0.9828538
5903.97484660149  0.9855782
5903.99225658179  0.991154
5904.00966656209  0.9902934
5904.02707654238  0.9880308
5904.04448652268  0.9952163
5904.06189650298  0.9906886
5904.07930648327  0.9882705
5904.09671646357  1.008239
5904.11412644387  0.9981461
5904.13153642416  0.9806578
5904.14894640446  0.9899989
5904.16635638476  1.003429
5904.18376636506  1.006468
5904.20117634535  1.006792
5904.21858632565  1.013411
5904.23599630595  1.00417
5904.25340628624  1.00216
5904.27081626654  1.007828
5904.28822624684  1.007679
5904.30563622714  1.025922
5904.32304620743  0.9964073
5904.34045618773  0.9815598
5904.35786616803  1.012596
5904.37527614832  1.028363
5904.39268612862  0.9864495
5904.41009610892  0.9907712
5904.42750608922  0.992025
5904.44491606951  1.011629
5904.46232604981  1.01488
5904.47973603011  0.994199
5904.4971460104  0.9985372
5904.5145559907  1.01465
5904.531965971  1.022963
5904.54937595129  0.9994466
5904.56678593159  0.9989358
5904.58419591189  1.037436
5904.60160589219  0.9930293
5904.61901587248  0.9961939
5904.63642585278  0.9823884
5904.65383583308  0.9861617
5904.67124581337  0.9946547
5904.68865579367  1.012435
5904.70606577397  1.008014
5904.72347575427  1.014678
5904.74088573456  1.004934
5904.75829571486  0.9973267
5904.77570569516  0.9858418
5904.79311567546  0.9907339
5904.81052565575  0.9836103
5904.82793563605  1.00084
5904.84534561635  1.009702
5904.86275559664  0.9999653
5904.88016557694  1.030052
5904.89757555724  1.014001
5904.91498553753  0.9966895
5904.93239551783  0.9809008
5904.94980549813  0.9808202
5904.96721547843  0.9923049
5904.98462545872  1.013445
5905.00203543902  1.005741
5905.01944541932  1.005018
5905.03685539961  0.9900817
5905.05426537991  0.9820856
5905.07167536021  0.9948649
5905.08908534051  0.9905308
5905.1064953208  0.9799781
5905.1239053011  0.9873237
5905.1413152814  0.9736803
5905.15872526169  0.9694291
5905.17613524199  0.9821985
5905.19354522229  0.9846721
5905.21095520259  0.9985033
5905.22836518288  1.005284
5905.24577516318  0.9807484
5905.26318514348  0.9840894
5905.28059512377  0.9854602
5905.29800510407  0.9740068
5905.31541508437  0.987408
5905.33282506466  0.9820932
5905.35023504496  0.9809584
5905.36764502526  0.9800614
5905.38505500555  0.9693491
5905.40246498585  0.9884686
5905.41987496615  0.984847
5905.43728494645  0.9817215
5905.45469492674  0.9888012
5905.47210490704  0.9825299
5905.48951488734  0.9991957
5905.50692486763  0.9980016
5905.52433484793  0.9991695
5905.54174482823  0.9931912
5905.55915480853  1.010471
5905.57656478882  0.9889511
5905.59397476912  0.9833339
5905.61138474942  1.000248
5905.62879472971  1.02443
5905.64620471001  1.021757
5905.66361469031  1.007252
5905.6810246706  1.006376
5905.6984346509  1.022657
5905.7158446312  1.032336
5905.7332546115  1.007634
5905.75066459179  1.008384
5905.76807457209  1.012609
5905.78548455239  1.023957
5905.80289453269  1.002629
5905.82030451298  1.015631
5905.83771449328  1.007942
5905.85512447358  1.004759
5905.87253445387  0.9890656
5905.88994443417  0.9978973
5905.90735441447  1.011723
5905.92476439477  1.005392
5905.94217437506  0.999321
5905.95958435536  1.002996
5905.97699433566  0.9904351
5905.99440431595  1.014365
5906.01181429625  1.000312
5906.02922427655  0.9949013
5906.04663425684  0.993728
5906.06404423714  0.9976469
5906.08145421744  1.00076
5906.09886419774  1.021304
5906.11627417803  1.006418
5906.13368415833  1.0035
5906.15109413863  0.9932169
5906.16850411893  0.9894644
5906.18591409922  0.9881874
5906.20332407952  0.9954626
5906.22073405982  0.9885065
5906.23814404011  0.9978065
5906.25555402041  1.000115
5906.27296400071  0.9813238
5906.290373981  0.9696841
5906.3077839613  0.983624
5906.3251939416  0.9687428
5906.3426039219  1.001959
5906.36001390219  1.00279
5906.37742388249  0.9996837
5906.39483386279  1.007145
5906.41224384308  1.007483
5906.42965382338  1.005924
5906.44706380368  0.9835631
5906.46447378397  0.9798639
5906.48188376427  1.003893
5906.49929374457  1.012536
5906.51670372487  1.030284
5906.53411370516  1.020694
5906.55152368546  1.002702
5906.56893366576  0.9938098
5906.58634364605  1.005504
5906.60375362635  1.022866
5906.62116360665  1.021388
5906.63857358694  1.019745
5906.65598356724  0.999604
5906.67339354754  1.003188
5906.69080352784  0.9970034
5906.70821350813  1.022001
5906.72562348843  1.012686
5906.74303346873  1.000403
5906.76044344903  1.005269
5906.77785342932  0.9940875
5906.79526340962  0.9785267
5906.81267338992  0.9975355
5906.83008337021  1.006937
5906.84749335051  1.003012
5906.86490333081  0.9907793
5906.88231331111  0.9956779
5906.8997232914  1.003512
5906.9171332717  1.012405
5906.934543252  1.002554
5906.95195323229  0.9892001
5906.96936321259  0.995115
5906.98677319289  0.9692027
5907.00418317318  0.9533051
5907.02159315348  0.9871563
5907.03900313378  0.9999315
5907.05641311408  0.994928
5907.07382309437  0.992185
5907.09123307467  1.004978
5907.10864305497  1.016792
5907.12605303527  1.009555
5907.14346301556  1.00693
5907.16087299586  0.9940757
5907.17828297615  1.000018
5907.19569295645  0.9915314
5907.21310293675  0.9963189
5907.23051291705  0.9690759
5907.24792289734  0.9646988
5907.26533287764  0.9905696
5907.28274285794  0.9701588
5907.30015283824  0.961265
5907.31756281853  0.9697548
5907.33497279883  0.9787763
5907.35238277913  0.986953
5907.36979275942  0.9825007
5907.38720273972  0.9887478
5907.40461272002  1.000053
5907.42202270031  0.9957771
5907.43943268061  0.9696258
5907.45684266091  0.9699999
5907.47425264121  0.9839936
5907.4916626215  0.9789381
5907.5090726018  0.9807033
5907.5264825821  0.9923615
5907.5438925624  0.9921767
5907.56130254269  0.9663961
5907.57871252299  1.005336
5907.59612250329  0.9967496
5907.61353248358  1.000227
5907.63094246388  1.004263
5907.64835244418  1.002468
5907.66576242447  1.00355
5907.68317240477  1.007964
5907.70058238507  0.9995461
5907.71799236537  0.9954733
5907.73540234566  0.9988232
5907.75281232596  0.991574
5907.77022230626  0.9783416
5907.78763228655  0.9924453
5907.80504226685  0.9881397
5907.82245224715  0.9796093
5907.83986222745  0.9622377
5907.85727220774  0.9605929
5907.87468218804  0.9732947
5907.89209216834  0.9734364
5907.90950214863  0.9789518
5907.92691212893  1.000004
5907.94432210923  0.9964192
5907.96173208952  1.008981
5907.97914206982  1.005486
5907.99655205012  1.007828
5908.01396203042  0.9991702
5908.03137201071  1.007843
5908.04878199101  0.9952068
5908.06619197131  0.9928377
5908.0836019516  0.978236
5908.1010119319  0.9962283
5908.1184219122  0.9740096
5908.1358318925  0.9780189
5908.15324187279  0.9825016
5908.17065185309  0.9634218
5908.18806183339  0.9502203
5908.20547181368  0.9747118
5908.22288179398  0.9872586
5908.24029177428  0.9709281
5908.25770175458  0.9681664
5908.27511173487  0.9756952
5908.29252171517  0.9742326
5908.30993169547  0.9815042
5908.32734167576  0.9959988
5908.34475165606  1.011293
5908.36216163636  1.007344
5908.37957161665  1.007461
5908.39698159695  0.9992841
5908.41439157725  1.010156
5908.43180155755  0.9957144
5908.44921153784  0.9906579
5908.46662151814  0.993695
5908.48403149844  0.991336
5908.50144147873  0.9969088
5908.51885145903  0.9981735
5908.53626143933  1.011831
5908.55367141962  1.0076
5908.57108139992  1.01395
5908.58849138022  1.001806
5908.60590136052  0.9848337
5908.62331134081  0.9924474
5908.64072132111  1.003779
5908.65813130141  1.000243
5908.67554128171  1.002533
5908.692951262  1.014233
5908.7103612423  1.019363
5908.7277712226  1.012083
5908.74518120289  1.008841
5908.76259118319  1.011858
5908.78000116349  1.00091
5908.79741114378  0.9982217
5908.81482112408  0.9959942
5908.83223110438  1.007874
5908.84964108468  1.003054
5908.86705106497  0.994959
5908.88446104527  0.9973148
5908.90187102557  0.9657117
5908.91928100586  0.9698833
5908.93669098616  0.9647037
5908.95410096646  0.9462253
5908.97151094676  0.9454697
5908.98892092705  0.9496934
5909.00633090735  0.9487913
5909.02374088765  0.927033
5909.04115086794  0.9388265
5909.05856084824  0.9621972
5909.07597082854  0.9805158
5909.09338080883  0.9647108
5909.11079078913  0.9720232
5909.12820076943  0.967905
5909.14561074973  1.004973
5909.16302073002  1.020566
5909.18043071032  1.016268
5909.19784069062  1.022266
5909.21525067092  1.037084
5909.23266065121  1.016242
5909.25007063151  1.01824
5909.26748061181  1.007841
5909.2848905921  1.023328
5909.3023005724  1.009169
5909.3197105527  0.9913388
5909.33712053299  1.01419
5909.35453051329  1.013682
5909.37194049359  0.9893082
5909.38935047389  0.9772567
5909.40676045418  0.983104
5909.42417043448  0.9848112
5909.44158041478  0.9983286
5909.45899039507  0.9931051
5909.47640037537  1.007122
5909.49381035567  0.9832663
5909.51122033597  0.9875117
5909.52863031626  0.9757479
5909.54604029656  0.9856448
5909.56345027686  0.993683
5909.58086025715  1.00712
5909.59827023745  0.9883109
5909.61568021775  0.9843326
5909.63309019804  0.9939719
5909.65050017834  1.008412
5909.66791015864  1.020352
5909.68532013894  1.036826
5909.70273011923  1.02837
5909.72014009953  1.017864
5909.73755007983  1.002281
5909.75496006013  0.9868898
5909.77237004042  0.987279
5909.78978002072  0.9929494
5909.80719000102  1.004373
5909.82459998131  1.007754
5909.84200996161  0.9951447
5909.85941994191  0.99821
5909.8768299222  0.993969
5909.8942399025  0.9868435
5909.9116498828  1.001429
5909.9290598631  0.9961599
5909.94646984339  0.9954451
5909.96387982369  1.000907
5909.98128980399  0.9891138
5909.99869978428  1.004175
5910.01610976458  0.9943216
5910.03351974488  0.9936818
5910.05092972518  0.9942932
5910.06833970547  0.9766141
5910.08574968577  0.99469
5910.10315966607  1.012195
5910.12056964636  0.9875416
5910.13797962666  0.9670421
5910.15538960696  0.9631778
5910.17279958725  0.9754921
5910.19020956755  0.9757759
5910.20761954785  0.95652
5910.22502952815  0.9612382
5910.24243950844  0.9707922
5910.25984948874  0.9847231
5910.27725946904  0.9728215
5910.29466944933  0.9742458
5910.31207942963  0.9845315
5910.32948940993  0.9823626
5910.34689939023  0.9832129
5910.36430937052  0.9909133
5910.38171935082  0.9852899
5910.39912933112  0.9934255
5910.41653931141  0.9912866
5910.43394929171  1.007958
5910.45135927201  0.9991332
5910.4687692523  0.9940106
5910.4861792326  0.9910008
5910.5035892129  0.9858739
5910.5209991932  0.9757293
5910.53840917349  0.9786355
5910.55581915379  0.994914
5910.57322913409  0.9862705
5910.59063911439  0.963705
5910.60804909468  0.9645251
5910.62545907498  0.9834439
5910.64286905528  0.9950578
5910.66027903557  0.9905538
5910.67768901587  0.9680263
5910.69509899617  0.9805023
5910.71250897647  0.9761217
5910.72991895676  0.9570008
5910.74732893706  0.933551
5910.76473891736  0.9337685
5910.78214889765  0.9451951
5910.79955887795  0.9353049
5910.81696885825  0.947109
5910.83437883854  0.9642631
5910.85178881884  0.9899107
5910.86919879914  0.9770148
5910.88660877944  0.9558266
5910.90401875973  0.9915696
5910.92142874003  0.9915518
5910.93883872033  0.9873919
5910.95624870062  0.9870248
5910.97365868092  0.9961122
5910.99106866122  0.9927811
5911.00847864152  0.9877177
5911.02588862181  0.9980988
5911.04329860211  0.9973256
5911.06070858241  0.9984116
5911.0781185627  0.9891904
5911.095528543  0.9934645
5911.1129385233  1.008606
5911.1303485036  1.011672
5911.14775848389  1.018287
5911.16516846419  0.9994139
5911.18257844449  0.998242
5911.19998842478  1.007081
5911.21739840508  0.9892877
5911.23480838538  0.9968383
5911.25221836567  1.005136
5911.26962834597  1.005686
5911.28703832627  0.9928336
5911.30444830656  0.9900183
5911.32185828686  0.9760444
5911.33926826716  0.9980227
5911.35667824746  1.011224
5911.37408822775  0.9818715
5911.39149820805  0.9815874
5911.40890818835  0.9957664
5911.42631816865  0.9977147
5911.44372814894  0.9985252
5911.46113812924  0.9986604
5911.47854810954  1.001745
5911.49595808983  1.019163
5911.51336807013  1.022499
5911.53077805043  1.011126
5911.54818803072  0.9873561
5911.56559801102  0.9821401
5911.58300799132  1.005421
5911.60041797161  1.003655
5911.61782795191  0.9998211
5911.63523793221  1.00501
5911.65264791251  1.013368
5911.6700578928  1.014202
5911.6874678731  0.9976686
5911.7048778534  1.017989
5911.7222878337  1.028205
5911.73969781399  0.9850593
5911.75710779429  0.9816948
5911.77451777459  0.9864555
5911.79192775488  0.9798418
5911.80933773518  0.9821182
5911.82674771548  0.9840848
5911.84415769578  0.9947941
5911.86156767607  0.9916767
5911.87897765637  0.9789286
5911.89638763667  0.9774232
5911.91379761696  1.004102
5911.93120759726  1.013038
5911.94861757756  0.9948466
5911.96602755785  0.9857603
5911.98343753815  0.9856337
5912.00084751845  0.9862525
5912.01825749875  0.9953417
5912.03566747904  0.991743
5912.05307745934  0.9704162
5912.07048743964  0.9933176
5912.08789741993  0.9917061
5912.10530740023  0.991374
5912.12271738053  1.021588
5912.14012736083  1.021847
5912.15753734112  0.998686
5912.17494732142  1.008054
5912.19235730172  1.013295
5912.20976728201  1.018816
5912.22717726231  0.9937354
5912.24458724261  1.008922
5912.26199722291  0.9741096
5912.2794072032  0.9989336
5912.2968171835  1.012849
5912.3142271638  1.016391
5912.33163714409  0.9911231
5912.34904712439  1.010134
5912.36645710469  1.011992
5912.38386708499  1.002995
5912.40127706528  0.9893619
5912.41868704558  0.9791249
5912.43609702588  0.9885533
5912.45350700617  0.9892628
5912.47091698647  0.9758414
5912.48832696677  1.006438
5912.50573694706  0.989634
5912.52314692736  0.9860494
5912.54055690766  1.01413
5912.55796688796  0.9973592
5912.57537686825  1.001455
5912.59278684855  0.9667559
5912.61019682885  0.9749352
5912.62760680915  0.9834636
5912.64501678944  1.011242
5912.66242676974  0.9777563
5912.67983675004  0.9467692
5912.69724673033  0.9857857
5912.71465671063  0.9884442
5912.73206669093  0.991068
5912.74947667122  0.9978352
5912.76688665152  1.00242
5912.78429663182  1.002743
5912.80170661212  1.009099
5912.81911659241  0.9921932
5912.83652657271  0.985491
5912.85393655301  1.002946
5912.8713465333  0.9917118
5912.8887565136  0.9912993
5912.9061664939  0.9844278
5912.92357647419  0.9744666
5912.94098645449  0.9717765
5912.95839643479  0.9612999
5912.97580641509  0.9635581
5912.99321639538  0.9651524
5913.01062637568  0.9542654
5913.02803635598  0.9736766
5913.04544633627  0.9751666
5913.06285631657  0.9657094
5913.08026629687  0.9804092
5913.09767627717  0.9799404
5913.11508625746  0.9861661
5913.13249623776  0.9849696
5913.14990621806  0.9874658
5913.16731619835  1.010381
5913.18472617865  0.9861495
5913.20213615895  0.9951971
5913.21954613925  1.020558
5913.23695611954  0.9931291
5913.25436609984  0.993145
5913.27177608014  1.001568
5913.28918606043  1.009633
5913.30659604073  0.9951432
5913.32400602103  0.9870514
5913.34141600133  0.9938664
5913.35882598162  0.9969802
5913.37623596192  1.006269
5913.39364594222  1.026872
5913.41105592251  1.009176
5913.42846590281  0.9922825
5913.44587588311  0.9819086
5913.4632858634  0.9874864
5913.4806958437  0.9959468
5913.498105824  0.9990932
5913.5155158043  0.9963434
5913.53292578459  0.9930389
5913.55033576489  0.9821298
5913.56774574519  1.007677
5913.58515572548  1.019398
5913.60256570578  1.011447
5913.61997568608  0.9902158
5913.63738566638  0.9856096
5913.65479564667  0.9775119
5913.67220562697  0.9853348
5913.68961560727  0.9916198
5913.70702558756  0.9902127
5913.72443556786  0.9889506
5913.74184554816  1.0001
5913.75925552846  1.014266
5913.77666550875  1.00402
5913.79407548905  0.9999502
5913.81148546935  0.9952669
5913.82889544964  0.9873456
5913.84630542994  0.9860303
5913.86371541024  0.984865
5913.88112539053  0.9794143
5913.89853537083  0.9889675
5913.91594535113  1.002909
5913.93335533143  0.9942761
5913.95076531172  1.001418
5913.96817529202  1.013116
5913.98558527232  0.9993528
5914.00299525261  1.010907
5914.02040523291  0.9940869
5914.03781521321  0.9886885
5914.05522519351  0.980422
5914.0726351738  0.9824247
5914.0900451541  0.9947262
5914.1074551344  0.9868606
5914.12486511469  0.9704252
5914.14227509499  1.004031
5914.15968507529  0.9867107
5914.17709505559  0.9722326
5914.19450503588  0.9635898
5914.21191501618  0.9814119
5914.22932499648  0.9810316
5914.24673497677  0.9590326
5914.26414495707  0.9735241
5914.28155493737  0.9912004
5914.29896491766  0.9949543
5914.31637489796  1.002384
5914.33378487826  1.010228
5914.35119485856  1.021001
5914.36860483885  0.9876201
5914.38601481915  0.9941997
5914.40342479945  1.000436
5914.42083477974  0.9931346
5914.43824476004  1.002066
5914.45565474034  1.014381
5914.47306472064  1.027401
5914.49047470093  1.018772
5914.50788468123  1.011432
5914.52529466153  1.033378
5914.54270464183  1.012628
5914.56011462212  1.002452
5914.57752460242  0.9952707
5914.59493458271  0.990822
5914.61234456301  0.9782657
5914.62975454331  1.009265
5914.64716452361  1.000867
5914.6645745039  1.000582
5914.6819844842  0.9933699
5914.6993944645  1.003958
5914.7168044448  1.012474
5914.73421442509  1.011748
5914.75162440539  1.019527
5914.76903438569  1.012131
5914.78644436598  0.9996274
5914.80385434628  1.014673
5914.82126432658  1.012955
5914.83867430687  0.9965323
5914.85608428717  0.9841497
5914.87349426747  0.9937554
5914.89090424777  1.005061
5914.90831422806  0.9908223
5914.92572420836  0.9915216
5914.94313418866  0.9790807
5914.96054416896  0.9686424
5914.97795414925  0.9945418
5914.99536412955  0.9990863
5915.01277410984  0.9997412
5915.03018409014  0.9981483
5915.04759407044  0.9971441
5915.06500405074  1.013081
5915.08241403103  1.004198
5915.09982401133  1.013896
5915.11723399163  1.004194
5915.13464397193  0.9974996
5915.15205395222  1.004729
5915.16946393252  1.013229
5915.18687391282  0.9996869
5915.20428389311  0.9955788
5915.22169387341  1.027015
5915.23910385371  1.004795
5915.256513834  0.9968546
5915.2739238143  1.004429
5915.2913337946  0.997692
5915.3087437749  0.9938114
5915.32615375519  1.001328
5915.34356373549  0.9998058
5915.36097371579  0.9764004
5915.37838369608  0.9611881
5915.39579367638  0.9789468
5915.41320365668  0.975528
5915.43061363698  0.9720387
5915.44802361727  0.9664482
5915.46543359757  0.9609662
5915.48284357787  0.9533605
5915.50025355816  0.965934
5915.51766353846  0.9693612
5915.53507351876  0.9704816
5915.55248349905  0.9578216
5915.56989347935  0.9800274
5915.58730345965  0.9909332
5915.60471343995  0.9699075
5915.62212342024  0.9727558
5915.63953340054  0.9731476
5915.65694338084  0.9809049
5915.67435336114  0.9795132
5915.69176334143  0.9824712
5915.70917332173  0.9951878
5915.72658330203  0.9956174
5915.74399328232  1.007239
5915.76140326262  1.016956
5915.77881324292  0.9862916
5915.79622322321  0.9886322
5915.81363320351  1.005727
5915.83104318381  1.007198
5915.84845316411  1.005977
5915.8658631444  1.014265
5915.8832731247  1.008745
5915.900683105  1.014256
5915.91809308529  1.018839
5915.93550306559  1.046504
5915.95291304589  1.015994
5915.97032302619  0.9969937
5915.98773300648  1.002534
5916.00514298678  1.009825
5916.02255296708  1.012894
5916.03996294737  1.011377
5916.05737292767  0.9885087
5916.07478290797  0.9848425
5916.09219288827  0.9957398
5916.10960286856  1.011228
5916.12701284886  1.007509
5916.14442282916  0.9890408
5916.16183280945  0.9988656
5916.17924278975  0.9935932
5916.19665277005  0.9998475
5916.21406275034  1.016945
5916.23147273064  1.01568
5916.24888271094  1.025276
5916.26629269124  1.0055
5916.28370267153  0.9995409
5916.30111265183  1.010419
5916.31852263213  1.018733
5916.33593261243  1.00081
5916.35334259272  0.9900332
5916.37075257302  0.9946519
5916.38816255331  0.9949524
5916.40557253361  0.9983949
5916.42298251391  1.008021
5916.44039249421  0.9952148
5916.4578024745  1.001632
5916.4752124548  1.008363
5916.4926224351  1.011032
5916.51003241539  1.008481
5916.52744239569  1.008254
5916.54485237599  0.9903403
5916.56226235629  0.9934049
5916.57967233658  0.9984806
5916.59708231688  0.9907004
5916.61449229718  1.007527
5916.63190227748  1.020623
5916.64931225777  0.9982373
5916.66672223807  0.999778
5916.68413221837  0.9975211
5916.70154219866  1.017179
5916.71895217896  1.008438
5916.73636215926  1.002047
5916.75377213955  1.000988
5916.77118211985  1.007713
5916.78859210015  1.006716
5916.80600208045  0.999535
5916.82341206074  1.008759
5916.84082204104  0.999042
5916.85823202134  0.9971733
5916.87564200163  1.019138
5916.89305198193  1.008574
5916.91046196223  0.9920158
5916.92787194253  1.022965
5916.94528192282  1.001741
5916.96269190312  0.990953
5916.98010188342  1.009184
5916.99751186371  1.012052
5917.01492184401  1.003379
5917.03233182431  1.008
5917.04974180461  1.005714
5917.0671517849  0.9967797
5917.0845617652  0.9783954
5917.1019717455  0.9885254
5917.11938172579  0.9929843
5917.13679170609  1.012198
5917.15420168639  0.9929879
5917.17161166668  0.9847248
5917.18902164698  0.9918668
5917.20643162728  0.9838666
5917.22384160758  0.9897133
5917.24125158787  0.9886929
5917.25866156817  0.9889968
5917.27607154847  0.9914296
5917.29348152876  0.9930515
5917.31089150906  0.9905862
5917.32830148936  0.9994916
5917.34571146966  1.004627
5917.36312144995  0.985117
5917.38053143025  0.9827228
5917.39794141055  0.9822372
5917.41535139084  0.9827071
5917.43276137114  0.9715302
5917.45017135144  0.9784949
5917.46758133174  1.011435
5917.48499131203  0.9931818
5917.50240129233  0.9913031
5917.51981127262  0.9825926
5917.53722125292  1.021587
5917.55463123322  1.007162
5917.57204121352  0.9913885
5917.58945119381  1.015894
5917.60686117411  1.007504
5917.62427115441  1.011033
5917.64168113471  1.012717
5917.659091115  0.9964054
5917.6765010953  0.9911357
5917.6939110756  1.01023
5917.71132105589  1.005246
5917.72873103619  1.001965
5917.74614101649  0.9854528
5917.76355099679  1.008669
5917.78096097708  1.006128
5917.79837095738  0.9957551
5917.81578093768  1.004385
5917.83319091797  0.9974474
5917.85060089827  1.007284
5917.86801087857  0.9861884
5917.88542085886  0.9998568
5917.90283083916  1.005419
5917.92024081946  0.9842285
5917.93765079976  1.000093
5917.95506078005  0.9994577
5917.97247076035  0.9947736
5917.98988074065  0.9867822
5918.00729072095  0.9906707
5918.02470070124  0.991272
5918.04211068154  0.9845744
5918.05952066184  0.9756678
5918.07693064213  0.9603593
5918.09434062243  1.005867
5918.11175060273  1.005284
5918.12916058302  1.004228
5918.14657056332  0.9931765
5918.16398054362  0.993314
5918.18139052392  0.9984148
5918.19880050421  1.004731
5918.21621048451  1.007408
5918.23362046481  1.000897
5918.2510304451  1.003799
5918.2684404254  0.9926617
5918.2858504057  0.9868809
5918.30326038599  0.9621797
5918.32067036629  0.9470065
5918.33808034659  0.9425128
5918.35549032689  0.9329845
5918.37290030718  0.9578505
5918.39031028748  0.929915
5918.40772026778  0.9028038
5918.42513024808  0.8904929
5918.44254022837  0.9089018
5918.45995020867  0.9208636
5918.47736018897  0.92411
5918.49477016926  0.9688566
5918.51218014956  0.9880329
5918.52959012986  1.002664
5918.54700011015  0.9979892
5918.56441009045  0.9955932
5918.58182007075  0.9878557
5918.59923005105  0.9946039
5918.61664003134  0.991824
5918.63405001164  0.9907526
5918.65145999194  1.019102
5918.66886997223  0.9858008
5918.68627995253  0.9700137
5918.70368993283  1.003355
5918.72109991313  1.003968
5918.73850989342  1.013059
5918.75591987372  1.005149
5918.77332985402  1.00855
5918.79073983431  1.007217
5918.80814981461  1.00368
5918.82555979491  1.011573
5918.84296977521  1.009984
5918.8603797555  1.001586
5918.8777897358  0.9936326
5918.8951997161  0.9830775
5918.91260969639  0.9733472
5918.93001967669  0.9653913
5918.94742965699  0.9690332
5918.96483963729  0.9666305
5918.98224961758  0.9710476
5918.99965959788  0.9445243
5919.01706957818  0.9288949
5919.03447955847  0.9148174
5919.05188953877  0.9017726
5919.06929951907  0.8973623
5919.08670949936  0.892378
5919.10411947966  0.9015867
5919.12152945996  0.9223585
5919.13893944026  0.9464582
5919.15634942055  0.9883949
5919.17375940085  0.9877716
5919.19116938115  0.99304
5919.20857936144  1.002351
5919.22598934174  0.9976292
5919.24339932204  0.9954913
5919.26080930233  0.9951748
5919.27821928263  0.9860742
5919.29562926293  0.9981567
5919.31303924323  0.997716
5919.33044922352  0.9793242
5919.34785920382  0.9825705
5919.36526918412  0.9758339
5919.38267916441  0.9967768
5919.40008914471  0.994164
5919.41749912501  0.9958699
5919.43490910531  1.019773
5919.4523190856  0.9952968
5919.4697290659  0.9928147
5919.4871390462  0.9923503
5919.50454902649  1.005849
5919.52195900679  0.9961879
5919.53936898709  0.9718773
5919.55677896739  0.9547043
5919.57418894768  0.9242964
5919.59159892798  0.8930958
5919.60900890828  0.8968381
5919.62641888857  0.8596339
5919.64382886887  0.8368827
5919.66123884917  0.8639724
5919.67864882947  0.8671755
5919.69605880976  0.885726
5919.71346879006  0.9424194
5919.73087877036  0.9271447
5919.74828875065  0.9314383
5919.76569873095  0.9423491
5919.78310871125  0.9488385
5919.80051869154  0.9620225
5919.81792867184  0.9765384
5919.83533865214  0.9799033
5919.85274863244  0.9611799
5919.87015861273  0.970746
5919.88756859303  0.9917631
5919.90497857333  1.000198
5919.92238855362  0.9958879
5919.93979853392  1.002172
5919.95720851422  0.9729364
5919.97461849452  0.9622201
5919.99202847481  0.9557887
5920.00943845511  0.9603953
5920.02684843541  0.9732875
5920.0442584157  0.9796286
5920.061668396  0.9861711
5920.0790783763  0.9812775
5920.0964883566  0.9749914
5920.11389833689  0.9937199
5920.13130831719  1.009064
5920.14871829749  1.003255
5920.16612827778  0.9928742
5920.18353825808  0.9976823
5920.20094823838  0.9926227
5920.21835821867  0.9896685
5920.23576819897  0.9661662
5920.25317817927  0.9752072
5920.27058815957  0.9889021
5920.28799813986  0.9998375
5920.30540812016  0.9970204
5920.32281810046  0.97939
5920.34022808075  0.9625227
5920.35763806105  0.9536954
5920.37504804135  0.9454104
5920.39245802165  0.9241218
5920.40986800194  0.9125485
5920.42727798224  0.8828068
5920.44468796254  0.8471845
5920.46209794283  0.8383564
5920.47950792313  0.8285891
5920.49691790343  0.8272676
5920.51432788372  0.8203143
5920.53173786402  0.8586681
5920.54914784432  0.8792266
5920.56655782462  0.9013113
5920.58396780491  0.9355028
5920.60137778521  0.945685
5920.61878776551  0.947889
5920.63619774581  0.9930283
5920.6536077261  0.9800245
5920.6710177064  0.969637
5920.6884276867  0.968287
5920.70583766699  0.9966086
5920.72324764729  1.003249
5920.74065762759  0.9410256
5920.75806760789  0.9448465
5920.77547758818  0.9393568
5920.79288756848  0.9381704
5920.81029754878  0.9418664
5920.82770752907  0.9261129
5920.84511750937  0.9027363
5920.86252748967  0.9010333
5920.87993746996  0.8910452
5920.89734745026  0.8728375
5920.91475743056  0.8319108
5920.93216741086  0.8529986
5920.94957739115  0.858994
5920.96698737145  0.8378298
5920.98439735175  0.8504862
5921.00180733204  0.8703167
5921.01921731234  0.8972061
5921.03662729264  0.9122394
5921.05403727294  0.9109002
5921.07144725323  0.901149
5921.08885723353  0.9186533
5921.10626721383  0.9251039
5921.12367719412  0.9266737
5921.14108717442  0.9170785
5921.15849715472  0.9203999
5921.17590713502  0.9149529
5921.19331711531  0.8979452
5921.21072709561  0.9031317
5921.22813707591  0.9043824
5921.2455470562  0.8808208
5921.2629570365  0.8833716
5921.2803670168  0.893675
5921.29777699709  0.9012366
5921.31518697739  0.8992389
5921.33259695769  0.9063385
5921.35000693799  0.9143701
5921.36741691828  0.9353563
5921.38482689858  0.897016
5921.40223687888  0.8967778
5921.41964685917  0.9165831
5921.43705683947  0.9199781
5921.45446681977  0.9275851
5921.47187680007  0.916727
5921.48928678036  0.9111367
5921.50669676066  0.8834729
5921.52410674096  0.8823184
5921.54151672125  0.8745897
5921.55892670155  0.8617871
5921.57633668185  0.8418154
5921.59374666215  0.8017474
5921.61115664244  0.7140041
5921.62856662274  0.6880184
5921.64597660304  0.6425505
5921.66338658333  0.5899678
5921.68079656363  0.5524671
5921.69820654393  0.5146307
5921.71561652422  0.4295949
5921.73302650452  0.3518113
5921.75043648482  0.2800194
5921.76784646512  0.2036853
5921.78525644541  0.1115485
5921.80266642571  0.07151408
5921.82007640601  0.03918266
5921.8374863863  0.01629316
5921.8548963666  0.01624953
5921.8723063469  0.01505481
5921.8897163272  0.009017674
5921.90712630749  0.00559389
5921.92453628779  0.002553024
5921.94194626809  -0.001477587
5921.95935624838  0.008246458
5921.97676622868  0.006645198
5921.99417620898  0.00623542
5922.01158618928  0.006298061
5922.02899616957  0.003182651
5922.04640614987  0.001120203
5922.06381613017  0.008794353
5922.08122611046  0.002264889
5922.09863609076  0.001483607
5922.11604607106  -0.00289875
5922.13345605135  -4.979870E-4
5922.15086603165  3.388854E-4
5922.16827601195  -0.001869327
5922.18568599225  0.009176993
5922.20309597254  0.007128138
5922.22050595284  0.006101103
5922.23791593314  0.00790124
5922.25532591343  0.02314247
5922.27273589373  0.03744222
5922.29014587403  0.05816657
5922.30755585433  0.1490717
5922.32496583462  0.2261999
5922.34237581492  0.3090311
5922.35978579522  0.5187311
5922.37719577552  0.6340211
5922.39460575581  0.7384797
5922.41201573611  0.8715752
5922.4294257164  0.888709
5922.4468356967  0.912477
5922.464245677  0.9206395
5922.4816556573  0.9136805
5922.49906563759  0.9083007
5922.51647561789  0.9042373
5922.53388559819  0.9219224
5922.55129557849  0.924354
5922.56870555878  0.9373628
5922.58611553908  0.9842573
5922.60352551938  0.9585236
5922.62093549967  0.9562453
5922.63834547997  0.9470932
5922.65575546027  0.9497306
5922.67316544056  0.9417627
5922.69057542086  0.939285
5922.70798540116  0.949686
5922.72539538146  0.952478
5922.74280536175  0.9542714
5922.76021534205  0.9740913
5922.77762532235  0.9964059
5922.79503530264  0.9978855
5922.81244528294  0.9970769
5922.82985526324  0.9926948
5922.84726524353  0.9925085
5922.86467522383  0.9819472
5922.88208520413  0.9992913
5922.89949518443  0.9959525
5922.91690516472  0.9967206
5922.93431514502  1.00079
5922.95172512532  0.9704865
5922.96913510562  0.9821985
5922.98654508591  1.009125
5923.00395506621  0.9882231
5923.02136504651  0.9924535
5923.0387750268  0.9879754
5923.0561850071  0.9799015
5923.0735949874  1.003685
5923.09100496769  0.997341
5923.10841494799  0.979648
5923.12582492829  0.9785586
5923.14323490859  0.9811051
5923.16064488888  0.9851857
5923.17805486918  0.9823477
5923.19546484948  0.9911859
5923.21287482977  0.9887153
5923.23028481007  0.9800406
5923.24769479037  0.9740783
5923.26510477067  0.9846197
5923.28251475096  1.014171
5923.29992473126  0.9890691
5923.31733471156  1.004039
5923.33474469185  1.03509
5923.35215467215  0.970644
5923.36956465245  1.002312
5923.38697463274  0.9932514
5923.40438461304  0.9855026
5923.42179459334  0.9978409
5923.43920457364  0.9960019
5923.45661455393  0.9854205
5923.47402453423  0.9825864
5923.49143451453  0.9971776
5923.50884449483  0.9982857
5923.52625447512  0.9764575
5923.54366445542  0.9721537
5923.56107443572  0.9713569
5923.57848441601  0.9758962
5923.59589439631  0.9587788
5923.61330437661  0.9529316
5923.6307143569  0.932995
5923.6481243372  0.9285001
5923.6655343175  0.9283784
5923.6829442978  0.9393781
5923.70035427809  0.9450548
5923.71776425839  0.9629807
5923.73517423869  0.9553939
5923.75258421898  0.944767
5923.76999419928  0.9467819
5923.78740417958  0.9391607
5923.80481415987  0.9275395
5923.82222414017  0.9410966
5923.83963412047  0.939333
5923.85704410077  0.9428977
5923.87445408106  0.9523547
5923.89186406136  0.9547126
5923.90927404166  0.9685068
5923.92668402195  0.9883224
5923.94409400225  1.006163
5923.96150398255  1.001869
5923.97891396285  1.00353
5923.99632394314  0.9886354
5924.01373392344  0.9892773
5924.03114390374  0.9866489
5924.04855388403  0.9791506
5924.06596386433  1.01248
5924.08337384463  1.012801
5924.10078382493  0.9951112
5924.11819380522  0.9733022
5924.13560378552  0.994133
5924.15301376582  0.9996464
5924.17042374611  0.9864636
5924.18783372641  0.9737886
5924.20524370671  0.9587484
5924.22265368701  0.9385094
5924.2400636673  0.9127026
5924.2574736476  0.9169275
5924.2748836279  0.923129
5924.2922936082  0.9223237
5924.30970358849  0.935255
5924.32711356879  0.9432365
5924.34452354908  0.9496631
5924.36193352938  0.9689476
5924.37934350968  0.974768
5924.39675348998  0.9902211
5924.41416347027  1.005217
5924.43157345057  1.011445
5924.44898343087  1.000674
5924.46639341116  1.001625
5924.48380339146  1.014101
5924.50121337176  1.009265
5924.51862335206  1.007556
5924.53603333235  1.005071
5924.55344331265  1.018785
5924.57085329295  1.023305
5924.58826327324  1.000159
5924.60567325354  0.9946151
5924.62308323384  0.9919915
5924.64049321414  1.018757
5924.65790319443  1.001305
5924.67531317473  0.9998785
5924.69272315503  0.9931909
5924.71013313532  0.9843851
5924.72754311562  0.9765917
5924.74495309592  0.9866487
5924.76236307621  0.9990673
5924.77977305651  0.9927392
5924.79718303681  0.996181
5924.81459301711  0.9942425
5924.8320029974  1.006941
5924.8494129777  0.9926005
5924.866822958  0.9956181
5924.8842329383  0.9912279
5924.90164291859  0.9821184
5924.91905289889  0.9655945
5924.93646287919  0.953254
5924.95387285948  0.9577448
5924.97128283978  0.9337167
5924.98869282008  0.9346427
5925.00610280037  0.9389111
5925.02351278067  0.935306
5925.04092276097  0.9399915
5925.05833274127  0.9557767
5925.07574272156  0.9839571
5925.09315270186  0.9950753
5925.11056268216  0.9870768
5925.12797266245  1.015155
5925.14538264275  1.002678
5925.16279262305  1.000673
5925.18020260335  0.9979703
5925.19761258364  1.008948
5925.21502256394  1.005858
5925.23243254424  0.9946072
5925.24984252453  1.019988
5925.26725250483  1.011951
5925.28466248513  1.001857
5925.30207246542  1.006158
5925.31948244572  1.006755
5925.33689242602  1.011209
5925.35430240632  1.002249
5925.37171238661  0.9723838
5925.38912236691  0.9723631
5925.40653234721  0.9785091
5925.42394232751  1.005266
5925.4413523078  1.008204
5925.4587622881  1.011087
5925.4761722684  1.0166
5925.49358224869  0.9849552
5925.51099222899  0.9917524
5925.52840220929  0.9914071
5925.54581218958  1.009545
5925.56322216988  1.013631
5925.58063215018  1.005116
5925.59804213048  0.9852172
5925.61545211077  0.9796382
5925.63286209107  0.9832889
5925.65027207137  0.9973513
5925.66768205166  0.9919941
5925.68509203196  0.9909692
5925.70250201226  0.9854208
5925.71991199255  0.9764352
5925.73732197285  0.9842733
5925.75473195315  0.9834515
5925.77214193345  0.9860544
5925.78955191374  0.9817541
5925.80696189404  0.9888516
5925.82437187434  0.990203
5925.84178185464  0.9940705
5925.85919183493  0.9694511
5925.87660181523  0.9796898
5925.89401179553  1.016595
5925.91142177582  1.014188
5925.92883175612  1.003334
5925.94624173642  0.9981936
5925.96365171671  1.010204
5925.98106169701  0.9837907
5925.99847167731  0.9893431
5926.01588165761  0.995544
5926.0332916379  0.9923041
5926.0507016182  1.006568
5926.0681115985  1.002907
5926.08552157879  1.007085
5926.10293155909  0.9927263
5926.12034153939  0.9933844
5926.13775151968  0.9866099
5926.15516149998  0.9917362
5926.17257148028  0.999005
5926.18998146058  0.9998506
5926.20739144087  1.01729
5926.22480142117  0.9984901
5926.24221140147  1.001092
5926.25962138176  0.9949121
5926.27703136206  0.9662752
5926.29444134236  0.9774355
5926.31185132266  0.9874352
5926.32926130295  0.9746194
5926.34667128325  0.9881033
5926.36408126355  0.9950694
5926.38149124384  1.009326
5926.39890122414  0.9771907
5926.41631120444  0.9540331
5926.43372118473  0.9320503
5926.45113116503  0.93269
5926.46854114533  0.9207582
5926.48595112563  0.912581
5926.50336110592  0.9016124
5926.52077108622  0.9005792
5926.53818106652  0.9238444
5926.55559104682  0.9381277
5926.57300102711  0.9789482
5926.59041100741  0.9720157
5926.60782098771  0.9715772
5926.625230968  0.9711139
5926.6426409483  0.9877303
5926.6600509286  0.984614
5926.67746090889  0.979212
5926.69487088919  0.994889
5926.71228086949  0.9807851
5926.72969084979  0.9849428
5926.74710083008  0.988272
5926.76451081038  0.9986662
5926.78192079068  0.9926716
5926.79933077097  0.9756855
5926.81674075127  0.9566839
5926.83415073157  0.9541427
5926.85156071187  0.9476016
5926.86897069216  0.9533914
5926.88638067246  0.9317267
5926.90379065276  0.9149915
5926.92120063305  0.9024192
5926.93861061335  0.8981928
5926.95602059365  0.8985476
5926.97343057395  0.9033735
5926.99084055424  0.91163
5927.00825053454  0.9313201
5927.02566051484  0.9438933
5927.04307049513  0.950848
5927.06048047543  0.9593942
5927.07789045573  0.9649393
5927.09530043602  0.97513
5927.11271041632  0.9821816
5927.13012039662  0.9845206
5927.14753037692  0.9702471
5927.16494035721  0.9545919
5927.18235033751  0.963952
5927.19976031781  0.9552428
5927.21717029811  0.9518391
5927.2345802784  0.9526334
5927.2519902587  0.9383572
5927.269400239  0.9478534
5927.28681021929  0.9541632
5927.30422019959  0.9479803
5927.32163017989  0.9712418
5927.33904016018  0.9828999
5927.35645014048  0.9924806
5927.37386012078  0.9624397
5927.39127010108  0.9500338
5927.40868008137  0.9561176
5927.42609006167  0.9583172
5927.44350004197  0.9601472
5927.46091002226  0.9449039
5927.47832000256  0.9679549
5927.49572998286  0.9309514
5927.51313996316  0.9465259
5927.53054994345  0.9650621
5927.54795992375  0.9385797
5927.56536990405  0.9151847
5927.58277988434  0.9062597
5927.60018986464  0.8788316
5927.61759984494  0.833778
5927.63500982523  0.8110664
5927.65241980553  0.7926702
5927.66982978583  0.7437025
5927.68723976613  0.7204441
5927.70464974642  0.6836944
5927.72205972672  0.6306404
5927.73946970702  0.5147077
5927.75687968731  0.4054851
5927.77428966761  0.3285896
5927.79169964791  0.2202049
5927.80910962821  0.124145
5927.8265196085  0.08553991
5927.8439295888  0.05690482
5927.8613395691  0.03568345
5927.87874954939  0.03192335
5927.89615952969  0.02735289
5927.91356950999  0.0282138
5927.93097949029  0.01408282
5927.94838947058  0.008008738
5927.96579945088  0.004174138
5927.98320943118  0.006767708
5928.00061941147  0.01295098
5928.01802939177  0.0146624
5928.03543937207  0.008356067
5928.05284935236  0.005365081
5928.07025933266  6.265528E-4
5928.08766931296  -0.004268575
5928.10507929326  0.003675188
5928.12248927355  0.003897642
5928.13989925385  0.004455812
5928.15730923415  -9.280384E-4
5928.17471921445  0.002787355
5928.19212919474  0.01027293
5928.20953917504  0.01253999
5928.22694915534  0.021018
5928.24435913563  0.03698369
5928.26176911593  0.05515676
5928.27917909623  0.07587209
5928.29658907652  0.1410619
5928.31399905682  0.211568
5928.33140903712  0.2979842
5928.34881901742  0.4380259
5928.36622899771  0.5791138
5928.38363897801  0.6860551
5928.40104895831  0.800335
5928.4184589386  0.8874564
5928.4358689189  0.9309306
5928.4532788992  0.9500381
5928.4706888795  0.9870346
5928.48809885979  0.9676688
5928.50550884009  0.9783261
5928.52291882039  1.002859
5928.54032880068  0.9761466
5928.55773878098  0.9795583
5928.57514876128  0.9862031
5928.59255874158  0.9861175
5928.60996872187  0.9734796
5928.62737870217  0.9854027
5928.64478868247  0.9848109
5928.66219866276  0.9784577
5928.67960864306  0.9831411
5928.69701862336  0.9905992
5928.71442860365  0.990663
5928.73183858395  0.9906141
5928.74924856425  0.9888232
5928.76665854454  0.9912813
5928.78406852484  1.007596
5928.80147850514  0.994657
5928.81888848544  0.9936253
5928.83629846573  0.9970543
5928.85370844603  0.9676127
5928.87111842633  0.9800974
5928.88852840663  0.9735225
5928.90593838692  0.9725854
5928.92334836722  0.9595386
5928.94075834752  0.9612589
5928.95816832781  0.9840086
5928.97557830811  0.996871
5928.99298828841  0.9738795
5929.0103982687  0.9787118
5929.027808249  1.028798
5929.0452182293  1.004424
5929.0626282096  0.993735
5929.08003818989  0.9968922
5929.09744817019  0.9810041
5929.11485815049  0.9813371
5929.13226813078  0.994064
5929.14967811108  0.9925112
5929.16708809138  0.9922381
5929.18449807168  0.9927356
5929.20190805197  0.9895708
5929.21931803227  0.9861022
5929.23672801257  0.9926217
5929.25413799286  0.9946356
5929.27154797316  1.001688
5929.28895795346  1.002216
5929.30636793376  0.9991458
5929.32377791405  0.9970699
5929.34118789435  0.9859108
5929.35859787465  0.9817238
5929.37600785494  0.9796783
5929.39341783524  0.981323
5929.41082781554  0.9773623
5929.42823779583  0.9788447
5929.44564777613  0.9671046
5929.46305775643  0.981299
5929.48046773673  0.995585
5929.49787771702  0.9896809
5929.51528769732  0.9793912
5929.53269767762  0.9690127
5929.55010765791  0.9790767
5929.56751763821  0.986874
5929.58492761851  1.016713
5929.60233759881  0.9883233
5929.6197475791  0.9894599
5929.6371575594  0.9918227
5929.6545675397  0.9993631
5929.67197751999  0.9703889
5929.68938750029  0.9860716
5929.70679748059  1.010614
5929.72420746089  1.00125
5929.74161744118  0.993564
5929.75902742148  1.003152
5929.77643740178  0.9940762
5929.79384738207  0.9880401
5929.81125736237  1.017686
5929.82866734267  1.023377
5929.84607732297  1.001438
5929.86348730326  0.9738954
5929.88089728356  0.9788972
5929.89830726386  0.9872744
5929.91571724415  1.001002
5929.93312722445  0.9995118
5929.95053720475  1.004301
5929.96794718504  0.9876634
5929.98535716534  0.9828631
5930.00276714564  0.9785327
5930.02017712594  0.9805313
5930.03758710623  0.9821957
5930.05499708653  0.9944675
5930.07240706683  0.9829447
5930.08981704712  0.9645678
5930.10722702742  0.9905369
5930.12463700772  0.9982968
5930.14204698801  0.9936534
5930.15945696831  0.9652262
5930.17686694861  0.9750935
5930.19427692891  0.9896238
5930.2116869092  0.9911275
5930.2290968895  0.9828177
5930.2465068698  1.001755
5930.26391685009  0.9996219
5930.28132683039  0.9849978
5930.29873681069  0.9798343
5930.31614679099  1.001536
5930.33355677128  0.9987704
5930.35096675158  0.9918997
5930.36837673188  0.9999291
5930.38578671218  1.00323
5930.40319669247  1.012384
5930.42060667277  0.9914519
5930.43801665307  0.987031
5930.45542663336  0.9886474
5930.47283661366  0.9674248
5930.49024659396  0.9758945
5930.50765657426  0.9760082
5930.52506655455  0.9818569
5930.54247653485  0.9756232
5930.55988651515  0.9851438
5930.57729649544  0.9870742
5930.59470647574  0.9850191
5930.61211645604  0.9937206
5930.62952643633  0.9785239
5930.64693641663  0.977566
5930.66434639693  1.010568
5930.68175637722  0.982261
5930.69916635752  0.9957821
5930.71657633782  1.008749
5930.73398631812  1.001831
5930.75139629841  1.01915
5930.76880627871  1.007497
5930.78621625901  1.00789
5930.80362623931  0.9978643
5930.8210362196  0.9923823
5930.8384461999  0.9976672
5930.8558561802  1.015787
5930.87326616049  1.003672
5930.89067614079  0.997451
5930.90808612109  0.9987907
5930.92549610138  1.016066
5930.94290608168  0.9946606
5930.96031606198  1.004174
5930.97772604228  1.017669
5930.99513602257  1.021609
5931.01254600287  1.003455
5931.02995598317  1.00685
5931.04736596346  0.9968055
5931.06477594376  1.002301
5931.08218592406  0.997492
5931.09959590436  0.9957766
5931.11700588465  0.9942078
5931.13441586495  0.9983066
5931.15182584525  0.9968303
5931.16923582554  1.015793
5931.18664580584  0.9962689
5931.20405578614  1.002466
5931.22146576643  0.9940122
5931.23887574673  0.9815322
5931.25628572703  1.021759
5931.27369570733  1.02853
5931.29110568762  1.029484
5931.30851566792  1.007828
5931.32592564822  1.012111
5931.34333562851  0.9976852
5931.36074560881  0.9832028
5931.37815558911  0.9800478
5931.39556556941  1.00146
5931.4129755497  1.003243
5931.43038553  0.990836
5931.4477955103  1.010714
5931.46520549059  1.009857
5931.48261547089  1.011496
5931.50002545119  0.9977688
5931.51743543149  1.016373
5931.53484541178  1.008238
5931.55225539208  0.9927561
5931.56966537238  1.007969
5931.58707535267  1.02234
5931.60448533297  1.016096
5931.62189531327  1.018179
5931.63930529357  0.9688832
5931.65671527386  1.005267
5931.67412525416  0.9950351
5931.69153523446  0.9926803
5931.70894521475  1.01558
5931.72635519505  1.011889
5931.74376517535  1.013885
5931.76117515564  1.011232
5931.77858513594  1.00383
5931.79599511624  1.009317
5931.81340509654  1.009107
5931.83081507683  0.9829929
5931.84822505713  1.00016
5931.86563503743  1.007519
5931.88304501772  1.014823
5931.90045499802  0.9947756
5931.91786497832  0.9941594
5931.93527495862  1.00083
5931.95268493891  1.008474
5931.97009491921  0.9953325
5931.98750489951  0.9922855
5932.0049148798  0.9832823
5932.0223248601  0.9620565
5932.0397348404  0.958763
5932.0571448207  0.9437324
5932.07455480099  0.9223834
5932.09196478129  0.9076529
5932.10937476159  0.8947597
5932.12678474189  0.8898238
5932.14419472218  0.9228719
5932.16160470248  0.9551927
5932.17901468277  0.9805499
5932.19642466307  1.000695
5932.21383464337  1.011702
5932.23124462367  1.002763
5932.24865460396  0.9939576
5932.26606458426  1.003302
5932.28347456456  0.9888396
5932.30088454486  1.003727
5932.31829452515  0.9980074
5932.33570450545  0.9782
5932.35311448575  0.9893786
5932.37052446604  1.006733
5932.38793444634  1.018197
5932.40534442664  1.0306
5932.42275440693  1.000834
5932.44016438723  1.015254
5932.45757436753  1.014821
5932.47498434783  1.011214
5932.49239432812  1.006493
5932.50980430842  1.011664
5932.52721428872  1.006618
5932.54462426901  0.984873
5932.56203424931  1.010191
5932.57944422961  1.004161
5932.5968542099  0.9797734
5932.6142641902  1.007542
5932.6316741705  1.020489
5932.6490841508  1.020474
5932.66649413109  0.9990022
5932.68390411139  0.9962285
5932.70131409169  0.9738321
5932.71872407198  0.9819637
5932.73613405228  0.9466365
5932.75354403258  0.956434
5932.77095401288  0.9579133
5932.78836399317  0.9476402
5932.80577397347  0.9571477
5932.82318395377  0.9579332
5932.84059393406  0.9588526
5932.85800391436  0.9580891
5932.87541389466  0.959654
5932.89282387496  0.9847812
5932.91023385525  1.01159
5932.92764383555  1.016881
5932.94505381585  1.037364
5932.96246379614  1.018141
5932.97987377644  0.9977109
5932.99728375674  0.9962901
5933.01469373703  1.004605
5933.03210371733  1.01906
5933.04951369763  0.9944454
5933.06692367793  0.9883239
5933.08433365822  1.026828
5933.10174363852  1.014929
5933.11915361882  1.00763
5933.13656359911  0.9920387
5933.15397357941  0.9930446
5933.17138355971  1.000517
5933.18879354001  1.004004
5933.2062035203  1.00381
5933.2236135006  0.9972769
5933.2410234809  0.9977586
5933.2584334612  1.02676
5933.27584344149  0.996048
5933.29325342179  0.9895222
5933.31066340209  0.9826601
5933.32807338238  0.9993092
5933.34548336268  0.977158
5933.36289334298  0.9773484
5933.38030332327  0.9829196
5933.39771330357  1.010674
5933.41512328387  0.9846238
5933.43253326417  0.9838142
5933.44994324446  1.015087
5933.46735322476  1.028641
5933.48476320506  1.013596
5933.50217318535  1.007186
5933.51958316565  1.00756
5933.53699314595  1.006459
5933.55440312624  1.005402
5933.57181310654  1.007673
5933.58922308684  1.007846
5933.60663306714  1.0339
5933.62404304743  1.013835
5933.64145302773  1.002063
5933.65886300803  0.9986237
5933.67627298832  0.9989951
5933.69368296862  1.001905
5933.71109294892  1.016599
5933.72850292922  0.989944
5933.74591290951  0.9891469
5933.76332288981  0.9985079
5933.78073287011  0.9925342
5933.7981428504  1.003594
5933.8155528307  0.9982564
5933.832962811  0.9898891
5933.8503727913  0.9881197
5933.86778277159  1.009738
5933.88519275189  1.005705
5933.90260273219  1.004101
5933.92001271248  0.9967596
5933.93742269278  1.009565
5933.95483267308  0.9889665
5933.97224265337  0.9776519
5933.98965263367  0.9736191
5934.00706261397  0.9997314
5934.02447259427  0.9911641
5934.04188257456  0.9873804
5934.05929255486  0.9996545
5934.07670253516  1.00427
5934.09411251546  0.9926025
5934.11152249575  0.9771261
5934.12893247605  0.9950887
5934.14634245635  0.9916703
5934.16375243664  1.000177
5934.18116241694  0.9902978
5934.19857239724  0.9989905
5934.21598237753  1.020016
5934.23339235783  1.024415
5934.25080233813  1.015897
5934.26821231842  1.012023
5934.28562229872  0.9947003
5934.30303227902  0.991827
5934.32044225932  1.019152
5934.33785223961  0.9815872
5934.35526221991  0.9846223
5934.37267220021  0.9919249
5934.39008218051  1.003253
5934.4074921608  0.9992599
5934.4249021411  0.9952537
5934.4423121214  0.9926127
5934.45972210169  1.004846
5934.47713208199  1.004826
5934.49454206229  0.9921907
5934.51195204258  0.9831964
5934.52936202288  1.010353
5934.54677200318  1.006518
5934.56418198348  1.009611
5934.58159196377  1.001097
5934.59900194407  0.9829094
5934.61641192437  0.9992264
5934.63382190467  1.004233
5934.65123188496  0.996797
5934.66864186526  0.9933149
5934.68605184555  1.006238
5934.70346182585  1.011904
5934.72087180615  0.9977821
5934.73828178645  0.9755892
5934.75569176674  0.9906757
5934.77310174704  0.9999415
5934.79051172734  1.000418
5934.80792170764  1.006388
5934.82533168793  0.9944272
5934.84274166823  0.9983153
5934.86015164853  1.008379
5934.87756162882  1.019845
5934.89497160912  1.014249
5934.91238158942  0.9892123
5934.92979156971  1.026869
5934.94720155001  1.020866
5934.96461153031  1.018498
5934.98202151061  1.015528
5934.9994314909  1.037722
5935.0168414712  1.001691
5935.0342514515  0.9899721
5935.05166143179  0.9892285
5935.06907141209  0.9924594
5935.08648139239  1.018273
5935.10389137269  1.016363
5935.12130135298  1.019051
5935.13871133328  0.9988984
5935.15612131358  0.9785237
5935.17353129388  0.9957815
5935.19094127417  1.013626
5935.20835125447  0.9964917
5935.22576123477  0.9946418
5935.24317121506  0.9821346
5935.26058119536  1.011634
5935.27799117566  1.029854
5935.29540115595  1.003177
5935.31281113625  0.983607
5935.33022111655  1.006797
5935.34763109684  0.9917603
5935.36504107714  0.9795786
5935.38245105744  0.9760982
5935.39986103774  1.001785
5935.41727101803  0.9953139
5935.43468099833  0.9957863
5935.45209097863  0.9934288
5935.46950095892  0.9925255
5935.48691093922  1.026252
5935.50432091952  1.010867
5935.52173089982  0.9860151
5935.53914088011  0.9956955
5935.55655086041  0.996197
5935.57396084071  1.000772
5935.591370821  0.9853297
5935.6087808013  1.010773
5935.6261907816  1.004462
5935.64360076189  1.004947
5935.66101074219  1.02003
5935.67842072249  1.016338
5935.69583070279  1.014897
5935.71324068308  0.9982643
5935.73065066338  0.9625549
5935.74806064368  0.9900063
5935.76547062398  0.9767031
5935.78288060427  0.9727543
5935.80029058457  0.9748994
5935.81770056487  0.9678897
5935.83511054516  0.9745906
5935.85252052546  0.988809
5935.86993050576  0.9867913
5935.88734048605  0.9665518
5935.90475046635  0.9685828
5935.92216044665  0.983712
5935.93957042695  1.001659
5935.95698040724  1.000532
5935.97439038754  1.001648
5935.99180036784  0.9984514
5936.00921034814  0.9888875
5936.02662032843  0.9850279
5936.04403030873  0.995459
5936.06144028903  0.9932111
5936.07885026932  0.9859415
5936.09626024962  0.9842243
5936.11367022992  0.9983651
5936.13108021021  0.9853964
5936.14849019051  0.9708463
5936.16590017081  1.003327
5936.1833101511  1.011532
5936.2007201314  1.023608
5936.2181301117  1.036064
5936.235540092  1.023887
5936.25295007229  1.019483
5936.27036005259  1.006569
5936.28777003289  1.015311
5936.30518001319  1.003337
5936.32258999348  1.004511
5936.33999997378  1.008433
5936.35740995408  0.9872432
5936.37481993437  0.9820037
5936.39222991467  0.9863496
5936.40963989497  0.9977348
5936.42704987526  0.9888068
5936.44445985556  0.9975513
5936.46186983586  1.001194
5936.47927981616  0.9994053
5936.49668979645  0.993238
5936.51409977675  1.016593
5936.53150975705  1.011976
5936.54891973734  1.006652
5936.56632971764  1.001247
5936.58373969794  0.9702671
5936.60114967824  0.9712934
5936.61855965853  0.9863687
5936.63596963883  0.9934244
5936.65337961913  1.008278
5936.67078959942  1.012104
5936.68819957972  0.9987857
5936.70560956002  0.9873848
5936.72301954032  1.010367
5936.74042952061  1.009517
5936.75783950091  1.005389
5936.77524948121  1.010266
5936.7926594615  1.007562
5936.8100694418  1.005109
5936.8274794221  1.00015
5936.84488940239  0.9960506
5936.86229938269  1.001861
5936.87970936299  0.9850539
5936.89711934329  0.9959853
5936.91452932358  1.014564
5936.93193930388  1.01864
5936.94934928418  1.003477
5936.96675926447  0.991232
5936.98416924477  0.9818053
5937.00157922507  0.9863589
5937.01898920537  0.9929109
5937.03639918566  1.00035
5937.05380916596  0.9997821
5937.07121914626  1.018959
5937.08862912655  1.023804
5937.10603910685  0.9974771
5937.12344908715  1.011676
5937.14085906745  0.9743052
5937.15826904774  0.9748523
5937.17567902804  0.9861358
5937.19308900834  1.004775
5937.21049898863  0.9911698
5937.22790896893  0.9913329
5937.24531894923  1.019106
5937.26272892952  0.9895152
5937.28013890982  1.00511
5937.29754889012  1.01038
5937.31495887042  0.9979649
5937.33236885071  0.991545
5937.34977883101  0.9955611
5937.36718881131  0.988297
5937.3845987916  0.9818591
5937.4020087719  0.9829271
5937.4194187522  0.9908079
5937.4368287325  0.9938919
5937.45423871279  0.9945558
5937.47164869309  0.978651
5937.48905867339  0.9987742
5937.50646865368  0.9994935
5937.52387863398  0.9907216
5937.54128861428  1.014232
5937.55869859457  0.9862532
5937.57610857487  0.9845802
5937.59351855517  0.9838423
5937.61092853547  1.008358
5937.62833851576  0.9799463
5937.64574849606  0.9790224
5937.66315847636  0.9762593
5937.68056845665  0.9905355
5937.69797843695  0.9820226
5937.71538841725  0.9920024
5937.73279839755  0.9920474
5937.75020837784  1.005236
5937.76761835814  1.001798
5937.78502833844  1.010507
5937.80243831873  1.03083
5937.81984829903  1.008809
5937.83725827933  1.005897
5937.85466825963  1.003675
5937.87207823992  1.002886
5937.88948822022  0.9821791
5937.90689820052  1.024722
5937.92430818081  1.004226
5937.94171816111  0.9798251
5937.95912814141  0.9808585
5937.9765381217  0.9793575
5937.993948102  0.9796758
5938.0113580823  0.9835654
5938.0287680626  0.9933267
5938.04617804289  0.9731071
5938.06358802319  0.9786158
5938.08099800349  0.9879045
5938.09840798379  0.9786597
5938.11581796408  0.9702989
5938.13322794438  0.9674544
5938.15063792468  0.9723614
5938.16804790497  1.009646
5938.18545788527  0.9847596
5938.20286786557  0.9852198
5938.22027784587  0.9908316
5938.23768782616  1.011178
5938.25509780646  0.9895805
5938.27250778676  1.014458
5938.28991776705  1.015682
5938.30732774735  0.9788952
5938.32473772765  1.006928
5938.34214770795  1.022903
5938.35955768824  1.022873
5938.37696766854  1.021729
5938.39437764884  1.002762
5938.41178762913  0.9810857
5938.42919760943  0.9878052
5938.44660758973  1.014075
5938.46401757002  1.011658
5938.48142755032  1.004696
5938.49883753062  1.00739
5938.51624751092  1.002401
5938.53365749121  0.9956429
5938.55106747151  1.004993
5938.56847745181  1.0154
5938.5858874321  1.023307
5938.6032974124  1.000888
5938.6207073927  0.9988801
5938.63811737299  0.9941003
5938.65552735329  0.9934132
5938.67293733359  0.9950317
5938.69034731389  1.010464
5938.70775729418  1.005901
5938.72516727448  0.9849932
5938.74257725478  0.9989212
5938.75998723507  1.009514
5938.77739721537  1.003684
5938.79480719567  0.9958
5938.81221717597  0.9730217
5938.82962715626  0.9822115
5938.84703713656  0.9786378
5938.86444711686  0.9845245
5938.88185709715  0.9864959
5938.89926707745  0.9936652
5938.91667705775  0.9989238
5938.93408703804  1.00939
5938.95149701834  1.01614
5938.96890699864  1.010678
5938.98631697894  1.004464
5939.00372695923  1.008562
5939.02113693953  1.018142
5939.03854691983  1.010798
5939.05595690013  1.008368
5939.07336688042  1.004603
5939.09077686072  0.9874105
5939.10818684102  0.9884645
5939.12559682131  0.9981859
5939.14300680161  0.9988301
5939.16041678191  0.9879143
5939.1778267622  0.9906998
5939.1952367425  0.994192
5939.2126467228  0.9962694
5939.2300567031  0.9862161
5939.24746668339  0.9851559
5939.26487666369  1.012106
5939.28228664399  1.003294
5939.29969662428  1.004281
5939.31710660458  1.010468
5939.33451658488  0.998213
5939.35192656518  0.9886497
5939.36933654547  0.9955428
5939.38674652577  1.01135
5939.40415650607  1.019714
5939.42156648636  1.016979
5939.43897646666  1.008969
5939.45638644696  0.9809151
5939.47379642726  1.015018
5939.49120640755  1.012961
5939.50861638785  1.004312
5939.52602636815  1.031209
5939.54343634844  1.016713
5939.56084632874  1.016535
5939.57825630904  1.020843
5939.59566628933  1.0411
5939.61307626963  1.004408
5939.63048624993  1.024369
5939.64789623023  1.025623
5939.66530621052  0.9819266
5939.68271619082  0.9775496
5939.70012617112  0.9950134
5939.71753615141  1.000409
5939.73494613171  0.9849951
5939.75235611201  1.021659
5939.76976609231  1.009384
5939.7871760726  0.9975024
5939.8045860529  0.9883325
5939.8219960332  0.9712603
5939.83940601349  0.9632421
5939.85681599379  0.977045
5939.87422597409  0.9995916
5939.89163595438  0.9825073
5939.90904593468  1.025423
5939.92645591498  1.013801
5939.94386589528  0.9934358
5939.96127587557  1.001786
5939.97868585587  0.999543
5939.99609583617  0.9884511
5940.01350581647  1.004548
5940.03091579676  0.9983436
5940.04832577706  0.9985637
5940.06573575736  1.010999
5940.08314573765  1.015987
5940.10055571795  1.004271
5940.11796569825  1.032559
5940.13537567854  1.021322
5940.15278565884  1.027362
5940.17019563914  1.019966
5940.18760561944  0.9846795
5940.20501559973  0.9919373
5940.22242558003  1.007845
5940.23983556033  1.003085
5940.25724554062  1.008468
5940.27465552092  1.01239
5940.29206550122  1.002789
5940.30947548151  0.9782009
5940.32688546181  0.9831774
5940.34429544211  0.9695823
5940.36170542241  0.9667476
5940.3791154027  0.9707499
5940.396525383  0.9525144
5940.4139353633  0.931974
5940.43134534359  0.9649682
5940.44875532389  0.9863866
5940.46616530419  0.9739934
5940.48357528449  0.9542442
5940.50098526478  0.969965
5940.51839524508  0.9750158
5940.53580522538  1.009158
5940.55321520567  1.014452
5940.57062518597  1.01026
5940.58803516627  1.005846
5940.60544514657  1.006899
5940.62285512686  1.001197
5940.64026510716  1.016911
5940.65767508746  1.028889
5940.67508506775  1.031408
5940.69249504805  1.033967
5940.70990502835  1.009402
5940.72731500865  1.004736
5940.74472498894  0.9873022
5940.76213496924  0.9766052
5940.77954494954  1.00536
5940.79695492983  0.9887323
5940.81436491013  0.9826381
5940.83177489043  0.9979187
5940.84918487073  0.9903929
5940.86659485102  0.9840118
5940.88400483132  0.9791084
5940.90141481162  0.9597897
5940.91882479191  0.9890382
5940.93623477221  0.9561034
5940.95364475251  0.9576421
5940.9710547328  0.9762247
5940.9884647131  0.9624796
5941.0058746934  0.9779884
5941.0232846737  0.9411921
5941.04069465399  0.8982757
5941.05810463429  0.890495
5941.07551461459  0.8823631
5941.09292459488  0.87607
5941.11033457518  0.8875903
5941.12774455548  0.9091895
5941.14515453578  0.9305006
5941.16256451607  0.9557794
5941.17997449637  0.9551222
5941.19738447667  0.9747499
5941.21479445696  0.9920028
5941.23220443726  0.9864524
5941.24961441756  0.975224
5941.26702439786  0.9797286
5941.28443437815  0.9879034
5941.30184435845  0.9902769
5941.31925433875  0.9867075
5941.33666431904  0.9810323
5941.35407429934  0.9784678
5941.37148427964  0.9643835
5941.38889425994  0.9758831
5941.40630424023  0.9692289
5941.42371422053  0.9994281
5941.44112420083  0.9740206
5941.45853418112  0.9654432
5941.47594416142  0.9699168
5941.49335414172  0.9908795
5941.51076412201  1.00299
5941.52817410231  0.9752614
5941.54558408261  0.9678176
5941.5629940629  0.953536
5941.5804040432  0.9377051
5941.5978140235  0.9121999
5941.6152240038  0.9293506
5941.63263398409  0.9109708
5941.65004396439  0.8711545
5941.66745394469  0.9122122
5941.68486392499  0.9533633
5941.70227390528  0.9722913
5941.71968388558  0.9603831
5941.73709386588  0.9923126
5941.75450384617  0.9767888
5941.77191382647  0.9908518
5941.78932380677  0.9920872
5941.80673378706  1.03849
5941.82414376736  1.01965
5941.84155374766  0.9941941
5941.85896372796  1.002807
5941.87637370825  1.016395
5941.89378368855  1.007839
5941.91119366885  0.9890857
5941.92860364914  0.9847662
5941.94601362944  1.004977
5941.96342360974  0.9848458
5941.98083359004  0.9934067
5941.99824357033  1.014103
5942.01565355063  1.007381
5942.03306353093  0.9780957
5942.05047351123  1.003209
5942.06788349152  0.9996282
5942.08529347182  0.9941541
5942.10270345211  1.009659
5942.12011343241  1.001291
5942.13752341271  1.009457
5942.15493339301  1.002631
5942.1723433733  0.9604393
5942.1897533536  0.9900711
5942.2071633339  1.015309
5942.2245733142  1.019524
5942.24198329449  0.9980156
5942.25939327479  1.002673
5942.27680325509  0.9789857
5942.29421323538  0.9716315
5942.31162321568  0.965921
5942.32903319598  0.9560777
5942.34644317627  0.957864
5942.36385315657  0.9746462
5942.38126313687  0.9790415
5942.39867311717  0.9599843
5942.41608309746  0.9151887
5942.43349307776  0.9396698
5942.45090305806  0.9177275
5942.46831303835  0.911898
5942.48572301865  0.9134901
5942.50313299895  0.9104584
5942.52054297925  0.9213157
5942.53795295954  0.9233558
5942.55536293984  0.899978
5942.57277292014  0.899612
5942.59018290043  0.8982616
5942.60759288073  0.9237642
5942.62500286103  0.9544389
5942.64241284133  0.9608858
5942.65982282162  0.9649388
5942.67723280192  0.9650751
5942.69464278222  0.9877954
5942.71205276251  1.012283
5942.72946274281  1.015732
5942.74687272311  1.016211
5942.7642827034  1.00413
5942.7816926837  0.9721872
5942.799102664  1.012479
5942.8165126443  0.9866268
5942.83392262459  0.9636312
5942.85133260489  0.9691892
5942.86874258519  1.001041
5942.88615256548  1.001449
5942.90356254578  1.004805
5942.92097252608  1.010477
5942.93838250638  0.9916319
5942.95579248667  1.012028
5942.97320246697  1.019763
5942.99061244727  1.000157
5943.00802242757  1.013308
5943.02543240786  1.036065
5943.04284238816  1.015621
5943.06025236846  1.025922
5943.07766234875  1.020364
5943.09507232905  1.023372
5943.11248230935  1.018243
5943.12989228964  1.009431
5943.14730226994  0.9796023
5943.16471225024  0.9949394
5943.18212223054  1.013154
5943.19953221083  0.9809461
5943.21694219113  0.9990327
5943.23435217143  1.032016
5943.25176215172  1.034102
5943.26917213202  0.9940314
5943.28658211232  0.9691467
5943.30399209261  0.9854522
5943.32140207291  0.9675246
5943.33881205321  1.026083
5943.35622203351  1.026439
5943.3736320138  1.000139
5943.3910419941  1.013382
5943.4084519744  0.9847491
5943.4258619547  0.985889
5943.44327193499  0.9910275
5943.46068191529  0.9931251
5943.47809189558  0.9951272
5943.49550187588  1.002356
5943.51291185618  1.025858
5943.53032183648  1.019743
5943.54773181677  1.004698
5943.56514179707  1.022119
5943.58255177737  1.005827
5943.59996175766  1.013129
5943.61737173796  1.028236
5943.63478171826  0.9889815
5943.65219169856  1.008614
5943.66960167885  1.024052
5943.68701165915  1.013715
5943.70442163945  0.9952864
5943.72183161974  1.033551
5943.73924160004  1.009534
5943.75665158034  1.005934
5943.77406156064  1.019902
5943.79147154093  1.001085
5943.80888152123  1.003513
5943.82629150153  1.013358
5943.84370148182  1.011746
5943.86111146212  1.005776
5943.87852144242  0.9921702
5943.89593142271  1.010889
5943.91334140301  1.008492
5943.93075138331  0.9895611
5943.94816136361  1.001633
5943.9655713439  0.995804
5943.9829813242  1.001171
5944.0003913045  0.996872
5944.01780128479  0.9887457
5944.03521126509  1.010076
5944.05262124539  1.00102
5944.07003122569  0.994701
5944.08744120598  0.9889811
5944.10485118628  1.01435
5944.12226116658  1.001484
5944.13967114688  0.9790446
5944.15708112717  0.9779361
5944.17449110747  0.9881888
5944.19190108777  0.998895
5944.20931106806  0.9981651
5944.22672104836  0.979035
5944.24413102866  0.9677104
5944.26154100895  0.9704723
5944.27895098925  0.9596804
5944.29636096955  0.9669702
5944.31377094985  0.9601097
5944.33118093014  0.9628837
5944.34859091044  0.9613518
5944.36600089074  0.9591586
5944.38341087103  0.960435
5944.40082085133  0.9788762
5944.41823083163  1.00363
5944.43564081193  0.9919555
5944.45305079222  0.995374
5944.47046077252  0.9979792
5944.48787075282  1.000749
5944.50528073311  1.002078
5944.52269071341  0.9921254
5944.54010069371  0.9838458
5944.55751067401  0.9822628
5944.5749206543  1.023433
5944.5923306346  1.019051
5944.6097406149  1.001981
5944.62715059519  0.9760754
5944.64456057549  0.9979493
5944.66197055579  1.008231
5944.67938053608  0.993759
5944.69679051638  0.9696819
5944.71420049668  0.9673063
5944.73161047698  0.9739897
5944.74902045727  0.94008
5944.76643043757  0.9621492
5944.78384041787  0.9831088
5944.80125039816  0.9820531
5944.81866037846  0.9865977
5944.83607035876  1.003525
5944.85348033905  0.9831289
5944.87089031935  0.9908245
5944.88830029965  1.005046
5944.90571027995  1.024806
5944.92312026024  0.9984758
5944.94053024054  0.9914556
5944.95794022084  0.9999604
5944.97535020114  1.020611
5944.99276018143  1.013824
5945.01017016173  1.005021
5945.02758014203  0.9998525
5945.04499012232  0.9887555
5945.06240010262  1.005012
5945.07981008292  0.9975234
5945.09722006321  1.012983
5945.11463004351  1.030873
5945.13204002381  1.034732
5945.14945000411  1.008928
5945.1668599844  1.005188
5945.1842699647  1.011041
5945.201679945  0.9797835
5945.21908992529  1.008499
5945.23649990559  0.9810786
5945.25390988589  0.9721668
5945.27131986619  0.9696302
5945.28872984648  0.9804743
5945.30613982678  0.9956516
5945.32354980708  0.9811767
5945.34095978738  0.9949052
5945.35836976767  1.012805
5945.37577974797  0.985262
5945.39318972826  0.9878666
5945.41059970856  1.002826
5945.42800968886  1.003646
5945.44541966916  1.022364
5945.46282964945  0.9915984
5945.48023962975  0.9854009
5945.49764961005  0.9878294
5945.51505959035  0.9987785
5945.53246957064  0.9704242
5945.54987955094  0.9674617
5945.56728953124  0.9746165
5945.58469951153  0.9779386
5945.60210949183  0.9848704
5945.61951947213  1.011965
5945.63692945242  0.9783921
5945.65433943272  0.9702497
5945.67174941302  0.9711066
5945.68915939332  0.9500958
5945.70656937361  0.9816223
5945.72397935391  0.9849668
5945.74138933421  0.9869438
5945.7587993145  1.014312
5945.7762092948  0.9983913
5945.7936192751  1.018701
5945.81102925539  1.022089
5945.82843923569  0.9948879
5945.84584921599  0.9865569
5945.86325919629  0.9908782
5945.88066917658  0.9890729
5945.89807915688  0.9684841
5945.91548913718  0.9703288
5945.93289911748  0.957777
5945.95030909777  0.9096194
5945.96771907807  0.8954207
5945.98512905837  0.888549
5946.00253903866  0.9004164
5946.01994901896  0.8719561
5946.03735899926  0.9007083
5946.05476897956  0.9156981
5946.07217895985  0.9396239
5946.08958894015  0.9782141
5946.10699892045  0.9720487
5946.12440890074  0.9818474
5946.14181888104  0.9783723
5946.15922886134  0.9946651
5946.17663884163  0.9896817
5946.19404882193  1.000527
5946.21145880223  0.9893474
5946.22886878252  0.9881907
5946.24627876282  1.006538
5946.26368874312  1.039566
5946.28109872342  0.994548
5946.29850870371  1.008104
5946.31591868401  1.02919
5946.33332866431  1.023739
5946.3507386446  1.014165
5946.3681486249  1.014693
5946.3855586052  1.011848
5946.4029685855  1.010491
5946.42037856579  1.027682
5946.43778854609  1.024929
5946.45519852639  1.011011
5946.47260850669  0.9945979
5946.49001848698  0.9898021
5946.50742846728  1.006306
5946.52483844757  0.9985059
5946.54224842787  1.006357
5946.55965840817  1.012221
5946.57706838847  1.022412
5946.59447836876  1.010227
5946.61188834906  1.014297
5946.62929832936  1.007668
5946.64670830966  1.024509
5946.66411828995  1.010306
5946.68152827025  0.9987035
5946.69893825055  1.004882
5946.71634823084  1.029539
5946.73375821114  1.027027
5946.75116819144  0.9963434
5946.76857817173  0.9822056
5946.78598815203  0.9827318
5946.80339813233  0.9685405
5946.82080811263  0.9698992
5946.83821809292  0.9761363
5946.85562807322  0.962682
5946.87303805352  0.943357
5946.89044803382  0.9410301
5946.90785801411  0.9466909
5946.92526799441  0.9752053
5946.94267797471  0.9818956
5946.960087955  0.9758786
5946.9774979353  0.9729552
5946.9949079156  0.9575093
5947.01231789589  0.9407268
5947.02972787619  0.9165376
5947.04713785649  0.9061821
5947.06454783679  0.9098716
5947.08195781708  0.9128534
5947.09936779738  0.9188348
5947.11677777768  0.944948
5947.13418775797  0.9757627
5947.15159773827  0.9778665
5947.16900771857  0.9877305
5947.18641769887  1.004644
5947.20382767916  1.009106
5947.22123765946  1.00333
5947.23864763976  0.9795718
5947.25605762005  1.004936
5947.27346760035  1.00494
5947.29087758065  1.016538
5947.30828756094  1.007681
5947.32569754124  0.9827121
5947.34310752154  1.003526
5947.36051750184  1.011116
5947.37792748213  1.019156
5947.39533746243  1.010549
5947.41274744273  1.002128
5947.43015742302  1.000603
5947.44756740332  0.9893494
5947.46497738362  0.9851543
5947.48238736392  1.000224
5947.49979734421  0.9817383
5947.51720732451  0.9942105
5947.53461730481  1.000712
5947.5520272851  1.009001
5947.5694372654  1.016596
5947.5868472457  1.027672
5947.604257226  0.9944554
5947.62166720629  1.023235
5947.63907718659  1.037264
5947.65648716689  1.022385
5947.67389714718  1.010113
5947.69130712748  0.991992
5947.70871710778  1.008911
5947.72612708807  1.028133
5947.74353706837  1.012619
5947.76094704867  1.038823
5947.77835702897  1.033479
5947.79576700926  1.033103
5947.81317698956  1.019206
5947.83058696986  1.018297
5947.84799695015  1.000806
5947.86540693045  0.9935194
5947.88281691075  0.9993998
5947.90022689105  1.012641
5947.91763687134  0.9930611
5947.93504685164  0.9902334
5947.95245683194  0.9989916
5947.96986681223  1.043655
5947.98727679253  1.022906
5948.00468677283  0.9901471
5948.02209675313  0.9942413
5948.03950673342  0.9974337
5948.05691671372  0.9980881
5948.07432669402  1.021293
5948.09173667431  1.015682
5948.10914665461  1.014488
5948.12655663491  1.006191
5948.14396661521  0.9994662
5948.1613765955  0.9969463
5948.1787865758  1.008508
5948.1961965561  1.005065
5948.21360653639  0.9805676
5948.23101651669  0.9717234
5948.24842649699  1.015975
5948.26583647729  0.9916981
5948.28324645758  0.9807639
5948.30065643788  0.9962481
5948.31806641818  0.9775116
5948.33547639847  1.044554
5948.35288637877  1.014039
5948.37029635907  1.002444
5948.38770633936  0.9892181
5948.40511631966  0.9859935
5948.42252629996  0.9554261
5948.43993628026  1.00687
5948.45734626055  0.9820392
5948.47475624085  0.9823885
5948.49216622115  1.003882
5948.50957620144  1.005403
5948.52698618174  0.9960949
5948.54439616204  1.02791
5948.56180614234  1.039232
5948.57921612263  0.997358
5948.59662610293  0.9826223
5948.61403608323  0.997613
5948.63144606352  0.987627
5948.64885604382  1.006386
5948.66626602412  1.007743
5948.68367600441  0.9807841
5948.70108598471  1.009193
5948.71849596501  0.9772748
5948.73590594531  0.9700605
5948.7533159256  0.9938288
5948.7707259059  0.9765959
5948.7881358862  0.9816155
5948.80554586649  0.99909
5948.82295584679  0.9857967
5948.84036582709  0.9848787
5948.85777580739  1.016165
5948.87518578768  0.9911581
5948.89259576798  1.001521
5948.91000574828  1.003154
5948.92741572857  0.9989068
5948.94482570887  0.9813997
5948.96223568917  0.9875432
5948.97964566947  0.9972932
5948.99705564976  1.013042
5949.01446563006  0.9851582
5949.03187561036  0.9886699
5949.04928559065  0.9639772
5949.06669557095  0.9618104
5949.08410555125  0.9686474
5949.10151553155  0.9469455
5949.11892551184  0.9388062
5949.13633549214  0.936661
5949.15374547244  0.9442676
5949.17115545273  0.9263734
5949.18856543303  0.9107848
5949.20597541333  0.9201894
5949.22338539363  0.9448947
5949.24079537392  0.9569523
5949.25820535422  0.9643376
5949.27561533452  0.9780145
5949.29302531481  0.9714896
5949.31043529511  1.011082
5949.32784527541  1.015422
5949.3452552557  1.029055
5949.362665236  0.9939131
5949.3800752163  1.011765
5949.3974851966  0.9870676
5949.41489517689  0.9854516
5949.43230515719  0.9883477
5949.44971513749  0.9836711
5949.46712511778  0.9915547
5949.48453509808  0.991776
5949.50194507838  0.9865062
5949.51935505867  0.9965314
5949.53676503897  1.012157
5949.55417501927  0.9900049
5949.57158499957  0.9931055
5949.58899497986  0.9820695
5949.60640496016  0.9870517
5949.62381494046  1.018592
5949.64122492075  0.9895951
5949.65863490105  0.9993473
5949.67604488135  0.9640679
5949.69345486165  0.9610168
5949.71086484194  0.9920396
5949.72827482224  0.995288
5949.74568480254  0.9745439
5949.76309478283  0.9887224
5949.78050476313  1.001232
5949.79791474343  0.9917212
5949.81532472372  0.9679825
5949.83273470402  0.9469908
5949.85014468432  0.9903952
5949.86755466462  1.014908
5949.88496464491  0.9847076
5949.90237462521  0.9883533
5949.91978460551  1.002518
5949.93719458581  0.9904305
5949.9546045661  0.9951063
5949.9720145464  1.008962
5949.9894245267  1.020186
5950.00683450699  1.013544
