5900.00537109375  0.9375083
5900.02278107404  0.9456402
5900.04019105434  0.9264162
5900.05760103464  0.9324276
5900.07501101494  0.9223861
5900.09242099523  0.9568896
5900.10983097553  0.9756389
5900.12724095583  0.9948387
5900.14465093612  0.985485
5900.16206091642  0.9850977
5900.17947089672  1.013156
5900.19688087702  0.9886967
5900.21429085731  0.9915111
5900.23170083761  0.9788171
5900.24911081791  0.995096
5900.2665207982  1.006127
5900.2839307785  0.9810739
5900.3013407588  1.002538
5900.3187507391  1.007454
5900.33616071939  0.9993877
5900.35357069969  0.9843179
5900.37098067999  0.9730125
5900.38839066028  0.9792966
5900.40580064058  1.010124
5900.42321062088  1.018611
5900.44062060118  1.013159
5900.45803058147  0.9995006
5900.47544056177  1.007955
5900.49285054207  1.001031
5900.51026052236  0.9922385
5900.52767050266  1.006106
5900.54508048296  1.010252
5900.56249046325  0.9866785
5900.57990044355  0.9982129
5900.59731042385  1.003149
5900.61472040415  1.000286
5900.63213038444  1.006021
5900.64954036474  1.014355
5900.66695034504  1.023494
5900.68436032533  1.004735
5900.70177030563  0.9889767
5900.71918028593  1.004858
5900.73659026623  1.001024
5900.75400024652  1.014241
5900.77141022682  0.9994177
5900.78882020712  1.006086
5900.80623018741  1.006551
5900.82364016771  0.990913
5900.84105014801  0.9892606
5900.85846012831  0.9922084
5900.8758701086  0.9926034
5900.8932800889  1.010133
5900.9106900692  1.000272
5900.92810004949  0.9835315
5900.94551002979  0.9869365
5900.96292001009  0.9861397
5900.98032999038  0.9889948
5900.99773997068  0.9914237
5901.01514995098  1.003608
5901.03255993128  0.982065
5901.04996991157  0.997846
5901.06737989187  1.00361
5901.08478987217  1.002241
5901.10219985246  0.9973882
5901.11960983276  1.011171
5901.13701981306  1.004886
5901.15442979336  0.9959185
5901.17183977365  0.9948083
5901.18924975395  0.9933301
5901.20665973425  1.00058
5901.22406971454  0.9983584
5901.24147969484  0.9810749
5901.25888967514  0.9858572
5901.27629965544  0.9845422
5901.29370963573  0.9740852
5901.31111961603  0.9967986
5901.32852959633  0.9945698
5901.34593957662  0.9697961
5901.36334955692  0.976786
5901.38075953722  0.9873515
5901.39816951752  0.9493849
5901.41557949781  0.9442907
5901.43298947811  0.932135
5901.45039945841  0.9187993
5901.4678094387  0.9378816
5901.485219419  0.9180312
5901.5026293993  0.9622799
5901.52003937959  0.9538661
5901.53744935989  0.9654366
5901.55485934019  0.9869342
5901.57226932049  1.000896
5901.58967930078  0.9845925
5901.60708928108  0.979283
5901.62449926138  0.9719957
5901.64190924167  1.004982
5901.65931922197  0.9952188
5901.67672920227  0.9903634
5901.69413918257  0.9939918
5901.71154916286  0.9930521
5901.72895914316  0.9967657
5901.74636912346  0.991262
5901.76377910375  1.004184
5901.78118908405  0.9835096
5901.79859906435  0.9880769
5901.81600904465  1.001361
5901.83341902494  0.9926862
5901.85082900524  0.9881606
5901.86823898554  0.9893622
5901.88564896583  1.002349
5901.90305894613  0.9998531
5901.92046892643  0.9937298
5901.93787890672  0.9902294
5901.95528888702  0.989949
5901.97269886732  1.027248
5901.99010884762  0.9974428
5902.00751882791  1.009446
5902.02492880821  1.000727
5902.04233878851  0.9907137
5902.05974876881  0.9856991
5902.0771587491  0.9780744
5902.0945687294  1.011551
5902.1119787097  0.9775435
5902.12938868999  0.985721
5902.14679867029  1.001235
5902.16420865059  0.9988649
5902.18161863088  0.9957116
5902.19902861118  0.9757478
5902.21643859148  0.9885932
5902.23384857178  1.003215
5902.25125855207  1.011652
5902.26866853237  1.002651
5902.28607851267  1.021738
5902.30348849296  1.016538
5902.32089847326  1.012674
5902.33830845356  0.9965728
5902.35571843385  0.9993504
5902.37312841415  0.9938489
5902.39053839445  1.012761
5902.40794837475  1.010561
5902.42535835504  1.001401
5902.44276833534  0.9883657
5902.46017831564  0.9917666
5902.47758829593  0.9975427
5902.49499827623  1.006446
5902.51240825653  0.9982277
5902.52981823683  0.9929096
5902.54722821712  0.9966068
5902.56463819742  0.9945537
5902.58204817772  0.989564
5902.59945815801  0.9843495
5902.61686813831  0.9926803
5902.63427811861  0.9924844
5902.6516880989  0.9945124
5902.6690980792  1.004544
5902.6865080595  0.9916676
5902.7039180398  1.000829
5902.72132802009  1.000538
5902.73873800039  0.9644775
5902.75614798069  0.9736905
5902.77355796098  0.980591
5902.79096794128  0.9862724
5902.80837792158  1.000021
5902.82578790188  0.9951688
5902.84319788217  1.004217
5902.86060786247  0.9986023
5902.87801784277  0.9900101
5902.89542782306  0.9893349
5902.91283780336  0.9832195
5902.93024778366  0.9785724
5902.94765776396  0.9806446
5902.96506774425  0.9834393
5902.98247772455  1.005467
5902.99988770485  1.001262
5903.01729768515  0.9922105
5903.03470766544  0.9966213
5903.05211764574  1.007799
5903.06952762604  1.018127
5903.08693760633  1.019767
5903.10434758663  1.008414
5903.12175756693  1.016109
5903.13916754722  1.011558
5903.15657752752  1.004841
5903.17398750782  1.023821
5903.19139748812  1.015775
5903.20880746841  1.011924
5903.22621744871  1.004354
5903.24362742901  1.009667
5903.2610374093  1.01083
5903.2784473896  0.9865621
5903.2958573699  0.9979647
5903.31326735019  1.000079
5903.33067733049  1.015555
5903.34808731079  1.013635
5903.36549729109  0.9973799
5903.38290727138  1.008738
5903.40031725168  1.008556
5903.41772723198  1.010009
5903.43513721227  1.010302
5903.45254719257  0.9974185
5903.46995717287  0.9864991
5903.48736715317  0.9824445
5903.50477713346  0.9923472
5903.52218711376  0.9967915
5903.53959709406  1.006417
5903.55700707435  1.005172
5903.57441705465  1.005806
5903.59182703495  0.9992919
5903.60923701524  1.010344
5903.62664699554  0.9925023
5903.64405697584  0.980854
5903.66146695614  0.9882777
5903.67887693643  1.020082
5903.69628691673  0.9954796
5903.71369689703  0.9940485
5903.73110687732  1.005214
5903.74851685762  1.000359
5903.76592683792  0.9950119
5903.78333681822  0.9785705
5903.80074679851  0.9801605
5903.81815677881  0.9951922
5903.83556675911  0.9926017
5903.8529767394  0.9967696
5903.8703867197  0.9939307
5903.8877967  0.9843277
5903.90520668029  1.005347
5903.92261666059  1.001932
5903.94002664089  1.010528
5903.95743662119  1.020248
5903.97484660148  0.9936997
5903.99225658178  0.994362
5904.00966656208  0.9917032
5904.02707654238  0.9916128
5904.04448652267  1.000529
5904.06189650297  1.003794
5904.07930648327  1.020094
5904.09671646356  1.013184
5904.11412644386  1.008412
5904.13153642416  1.002886
5904.14894640446  1.009264
5904.16635638475  0.9913665
5904.18376636505  1.018725
5904.20117634535  1.000875
5904.21858632564  1.001543
5904.23599630594  1.016408
5904.25340628624  1.012118
5904.27081626653  1.007424
5904.28822624683  1.000556
5904.30563622713  0.9982138
5904.32304620743  1.004371
5904.34045618772  1.003789
5904.35786616802  0.9926271
5904.37527614832  1.004414
5904.39268612862  0.9934698
5904.41009610891  0.9980921
5904.42750608921  1.023612
5904.4449160695  0.9930524
5904.4623260498  0.9951203
5904.4797360301  1.009956
5904.4971460104  1.023305
5904.51455599069  1.012659
5904.53196597099  0.9913338
5904.54937595129  0.9978744
5904.56678593159  0.9825491
5904.58419591188  0.9696727
5904.60160589218  1.000246
5904.61901587248  0.9921988
5904.63642585277  1.006422
5904.65383583307  1.016558
5904.67124581337  0.9963604
5904.68865579366  0.988584
5904.70606577396  0.9994176
5904.72347575426  0.9835007
5904.74088573456  1.001082
5904.75829571485  0.997531
5904.77570569515  1.011848
5904.79311567545  1.024103
5904.81052565574  1.018354
5904.82793563604  1.019056
5904.84534561634  1.001775
5904.86275559664  0.9790288
5904.88016557693  0.9786261
5904.89757555723  1.006817
5904.91498553753  1.013145
5904.93239551782  0.9883954
5904.94980549812  0.9917563
5904.96721547842  1.002234
5904.98462545872  0.9935852
5905.00203543901  1.012586
5905.01944541931  1.008923
5905.03685539961  0.9763436
5905.0542653799  0.9748411
5905.0716753602  0.9946228
5905.0890853405  1.01192
5905.1064953208  0.9986213
5905.12390530109  0.9999211
5905.14131528139  0.9760485
5905.15872526169  0.9859359
5905.17613524198  0.9746881
5905.19354522228  0.9818834
5905.21095520258  0.987605
5905.22836518287  0.9866192
5905.24577516317  0.9866394
5905.26318514347  0.9817967
5905.28059512377  0.9764215
5905.29800510406  0.980637
5905.31541508436  0.9765854
5905.33282506466  0.9884942
5905.35023504495  0.982376
5905.36764502525  0.9914048
5905.38505500555  0.9958724
5905.40246498585  0.9955433
5905.41987496614  0.9989129
5905.43728494644  0.9966379
5905.45469492674  0.9885488
5905.47210490703  1.011575
5905.48951488733  0.9891054
5905.50692486763  0.9965501
5905.52433484793  1.01329
5905.54174482822  0.9741334
5905.55915480852  0.9741321
5905.57656478882  0.9792259
5905.59397476911  1.011073
5905.61138474941  1.015257
5905.62879472971  1.000946
5905.64620471  1.013026
5905.6636146903  1.007656
5905.6810246706  0.9990027
5905.6984346509  1.002638
5905.71584463119  1.009563
5905.73325461149  0.9864706
5905.75066459179  1.001489
5905.76807457208  1.004023
5905.78548455238  0.9919603
5905.80289453268  0.9785372
5905.82030451297  0.9819285
5905.83771449327  0.9998367
5905.85512447357  0.9986814
5905.87253445387  0.9915675
5905.88994443416  0.9928027
5905.90735441446  0.9974392
5905.92476439476  1.010477
5905.94217437505  0.9902265
5905.95958435535  0.9983009
5905.97699433565  1.012501
5905.99440431595  1.009478
5906.01181429624  1.012477
5906.02922427654  1.000506
5906.04663425684  0.9844964
5906.06404423714  0.9941746
5906.08145421743  0.9981838
5906.09886419773  1.012036
5906.11627417803  1.006114
5906.13368415832  1.008963
5906.15109413862  1.00862
5906.16850411892  0.993219
5906.18591409921  1.002156
5906.20332407951  1.003225
5906.22073405981  1.00982
5906.23814404011  1.005468
5906.2555540204  0.9978809
5906.2729640007  0.9980204
5906.290373981  1.007125
5906.30778396129  1.012488
5906.32519394159  1.019168
5906.34260392189  0.9965102
5906.36001390218  1.00831
5906.37742388248  1.007153
5906.39483386278  1.01468
5906.41224384308  1.007829
5906.42965382337  1.002146
5906.44706380367  1.014415
5906.46447378397  1.011194
5906.48188376427  0.9858924
5906.49929374456  1.004707
5906.51670372486  1.003294
5906.53411370516  0.9964601
5906.55152368545  0.9928523
5906.56893366575  0.9998357
5906.58634364605  1.016652
5906.60375362634  1.021006
5906.62116360664  1.007429
5906.63857358694  1.002467
5906.65598356724  0.9973158
5906.67339354753  1.001452
5906.69080352783  0.9967382
5906.70821350813  1.007613
5906.72562348842  0.9999853
5906.74303346872  0.9947469
5906.76044344902  0.9933636
5906.77785342931  0.9984632
5906.79526340961  1.016534
5906.81267338991  0.9989345
5906.83008337021  0.9936556
5906.8474933505  0.9914438
5906.8649033308  1.007727
5906.8823133111  1.011113
5906.8997232914  0.9914311
5906.91713327169  1.008364
5906.93454325199  0.9947735
5906.95195323229  0.9790545
5906.96936321258  0.9896386
5906.98677319288  0.994463
5907.00418317318  1.001957
5907.02159315348  1.0027
5907.03900313377  0.9992096
5907.05641311407  0.9944916
5907.07382309437  1.003104
5907.09123307466  1.012657
5907.10864305496  0.996492
5907.12605303526  1.001162
5907.14346301555  1.009093
5907.16087299585  1.00731
5907.17828297615  1.007912
5907.19569295645  0.995084
5907.21310293674  0.9707475
5907.23051291704  0.9854183
5907.24792289734  0.9777324
5907.26533287763  0.9965223
5907.28274285793  1.005801
5907.30015283823  1.007473
5907.31756281852  0.9819818
5907.33497279882  0.9807436
5907.35238277912  0.9894956
5907.36979275942  0.9972221
5907.38720273971  0.9998389
5907.40461272001  0.9848788
5907.42202270031  0.9942852
5907.4394326806  0.9996399
5907.4568426609  0.98377
5907.4742526412  0.9941381
5907.4916626215  0.994171
5907.50907260179  0.9864282
5907.52648258209  0.9954647
5907.54389256239  0.9958588
5907.56130254268  1.009126
5907.57871252298  0.9942633
5907.59612250328  0.9991632
5907.61353248358  0.9856601
5907.63094246387  0.9986526
5907.64835244417  0.9976026
5907.66576242447  1.005645
5907.68317240477  0.9878651
5907.70058238506  0.9878966
5907.71799236536  1.005152
5907.73540234565  0.9764975
5907.75281232595  0.9713115
5907.77022230625  0.9902241
5907.78763228655  0.9916735
5907.80504226684  0.9776099
5907.82245224714  0.9743134
5907.83986222744  0.9846566
5907.85727220773  0.9739906
5907.87468218803  0.9864061
5907.89209216833  0.9922339
5907.90950214863  0.9893787
5907.92691212892  0.9937319
5907.94432210922  1.000708
5907.96173208952  0.9981628
5907.97914206981  0.9977809
5907.99655205011  0.9967363
5908.01396203041  0.9916037
5908.03137201071  0.9997227
5908.048781991  1.010363
5908.0661919713  1.003005
5908.0836019516  0.9825522
5908.10101193189  1.001609
5908.11842191219  1.006462
5908.13583189249  0.9730663
5908.15324187279  0.9848821
5908.17065185308  0.9824003
5908.18806183338  0.9615598
5908.20547181368  0.9786903
5908.22288179397  0.9685677
5908.24029177427  0.9844671
5908.25770175457  0.9894757
5908.27511173486  1.015105
5908.29252171516  1.013257
5908.30993169546  1.01105
5908.32734167576  1.007967
5908.34475165605  0.9929404
5908.36216163635  0.9960843
5908.37957161665  1.007709
5908.39698159694  0.9898993
5908.41439157724  0.9929437
5908.43180155754  0.9943085
5908.44921153784  0.9852367
5908.46662151813  0.9880169
5908.48403149843  1.004904
5908.50144147873  1.000045
5908.51885145902  0.9918617
5908.53626143932  0.987745
5908.55367141962  0.9799832
5908.57108139991  0.9845024
5908.58849138021  0.9737882
5908.60590136051  0.9991084
5908.62331134081  0.9930884
5908.6407213211  0.9921744
5908.6581313014  0.9988366
5908.6755412817  0.9918092
5908.69295126199  0.9829582
5908.71036124229  1.007365
5908.72777122259  0.9992558
5908.74518120289  1.004467
5908.76259118318  0.9797956
5908.78000116348  0.9955846
5908.79741114378  0.993341
5908.81482112408  1.004907
5908.83223110437  1.006729
5908.84964108467  1.004551
5908.86705106496  0.9913473
5908.88446104526  0.9993104
5908.90187102556  0.9841489
5908.91928100586  0.9797186
5908.93669098615  0.9732323
5908.95410096645  0.9642757
5908.97151094675  0.9690208
5908.98892092705  0.9661494
5909.00633090734  0.9576044
5909.02374088764  0.969686
5909.04115086794  0.9696501
5909.05856084823  0.9546651
5909.07597082853  0.9898787
5909.09338080883  0.9994193
5909.11079078913  0.9961858
5909.12820076942  0.9959584
5909.14561074972  1.001886
5909.16302073002  1.014165
5909.18043071031  0.9959316
5909.19784069061  0.9905397
5909.21525067091  1.007781
5909.23266065121  0.9968807
5909.2500706315  0.995801
5909.2674806118  1.017553
5909.2848905921  1.004928
5909.30230057239  1.00273
5909.31971055269  1.002896
5909.33712053299  0.9925518
5909.35453051328  0.9933528
5909.37194049358  0.9953222
5909.38935047388  1.007659
5909.40676045418  1.010323
5909.42417043447  0.979517
5909.44158041477  0.9904456
5909.45899039507  1.006338
5909.47640037536  0.9978241
5909.49381035566  1.005233
5909.51122033596  0.9901874
5909.52863031626  1.013477
5909.54604029655  1.009842
5909.56345027685  1.003086
5909.58086025715  0.9901738
5909.59827023744  0.9864488
5909.61568021774  0.9879972
5909.63309019804  0.9844025
5909.65050017833  0.995542
5909.66791015863  1.005778
5909.68532013893  0.9847535
5909.70273011923  1.013538
5909.72014009952  1.032278
5909.73755007982  1.007052
5909.75496006012  1.002512
5909.77237004041  1.004966
5909.78978002071  1.029468
5909.80719000101  1.000138
5909.8245999813  0.9982818
5909.8420099616  1.021719
5909.8594199419  1.015706
5909.8768299222  0.9971182
5909.89423990249  1.006319
5909.91164988279  0.9971425
5909.92905986309  1.006343
5909.94646984339  1.004679
5909.96387982368  0.9928362
5909.98128980398  0.9859883
5909.99869978428  0.979321
5910.01610976457  0.9806517
5910.03351974487  0.9828402
5910.05092972517  0.9897513
5910.06833970547  0.9915942
5910.08574968576  1.006588
5910.10315966606  0.9847896
5910.12056964636  0.9774399
5910.13797962665  0.9681738
5910.15538960695  0.9621305
5910.17279958725  0.9623151
5910.19020956754  0.9600776
5910.20761954784  0.9765263
5910.22502952814  0.9761148
5910.24243950844  0.9677823
5910.25984948873  0.9817345
5910.27725946903  0.9929001
5910.29466944933  0.9924886
5910.31207942962  0.996424
5910.32948940992  0.9870453
5910.34689939022  0.9886772
5910.36430937052  1.018447
5910.38171935081  0.9929531
5910.39912933111  1.005961
5910.41653931141  1.003103
5910.4339492917  1.005858
5910.451359272  0.9937997
5910.4687692523  0.993364
5910.4861792326  0.9856575
5910.50358921289  0.9886385
5910.52099919319  0.996784
5910.53840917349  1.007117
5910.55581915378  0.9970032
5910.57322913408  0.9910241
5910.59063911438  0.9857182
5910.60804909468  0.9752952
5910.62545907497  0.9938033
5910.64286905527  0.9763079
5910.66027903557  0.9783111
5910.67768901586  0.9739068
5910.69509899616  0.984205
5910.71250897646  0.9802977
5910.72991895675  0.9655275
5910.74732893705  0.9661914
5910.76473891735  0.9684106
5910.78214889764  0.9769073
5910.79955887794  0.976328
5910.81696885824  0.9693216
5910.83437883854  0.9637812
5910.85178881883  0.9722326
5910.86919879913  0.9744057
5910.88660877943  1.002617
5910.90401875973  1.003335
5910.92142874002  1.001433
5910.93883872032  0.9975294
5910.95624870062  1.000016
5910.97365868091  1.009265
5910.99106866121  1.00116
5911.00847864151  1.000611
5911.02588862181  1.00018
5911.0432986021  0.9951228
5911.0607085824  0.9995874
5911.0781185627  0.997027
5911.09552854299  0.9854082
5911.11293852329  1.003894
5911.13034850359  1.005241
5911.14775848388  0.983079
5911.16516846418  1.001
5911.18257844448  1.013439
5911.19998842478  1.012996
5911.21739840507  1.012408
5911.23480838537  1.011065
5911.25221836567  0.9949425
5911.26962834596  1.006019
5911.28703832626  1.008078
5911.30444830656  1.001508
5911.32185828686  0.9958032
5911.33926826715  0.9956936
5911.35667824745  1.013101
5911.37408822775  1.01472
5911.39149820804  1.008803
5911.40890818834  1.002535
5911.42631816864  0.9965442
5911.44372814893  0.9930964
5911.46113812923  1.021031
5911.47854810953  0.9993707
5911.49595808983  0.9909302
5911.51336807012  0.9887742
5911.53077805042  1.007876
5911.54818803072  1.004154
5911.56559801101  0.9838981
5911.58300799131  0.9988896
5911.60041797161  0.9985455
5911.61782795191  0.9966446
5911.6352379322  0.9877441
5911.6526479125  0.9867375
5911.6700578928  1.000307
5911.68746787309  1.000761
5911.70487785339  0.9994832
5911.72228783369  0.9932789
5911.73969781399  0.9987327
5911.75710779428  0.9997544
5911.77451777458  1.010893
5911.79192775488  0.9948202
5911.80933773518  0.9931701
5911.82674771547  0.9946181
5911.84415769577  0.9974849
5911.86156767606  0.9914153
5911.87897765636  1.000175
5911.89638763666  1.018305
5911.91379761696  0.9981947
5911.93120759725  0.9900835
5911.94861757755  0.9984203
5911.96602755785  0.9925953
5911.98343753814  0.9867985
5912.00084751844  0.9866945
5912.01825749874  0.9864511
5912.03566747904  0.9866946
5912.05307745933  0.994105
5912.07048743963  1.003477
5912.08789741993  1.005994
5912.10530740022  0.991134
5912.12271738052  0.9942089
5912.14012736082  0.9985853
5912.15753734112  0.9937243
5912.17494732141  0.9932329
5912.19235730171  0.9936068
5912.20976728201  1.008161
5912.2271772623  1.001833
5912.2445872426  0.998749
5912.2619972229  0.9775962
5912.2794072032  1.002907
5912.29681718349  1.010051
5912.31422716379  1.021555
5912.33163714409  1.015786
5912.34904712438  1.020203
5912.36645710468  1.007116
5912.38386708498  1.010219
5912.40127706528  1.009954
5912.41868704557  1.021168
5912.43609702587  0.999858
5912.45350700617  0.9901771
5912.47091698646  0.9932773
5912.48832696676  1.005369
5912.50573694706  1.008462
5912.52314692735  0.9798481
5912.54055690765  0.9912352
5912.55796688795  0.9871172
5912.57537686825  0.9806321
5912.59278684854  0.994805
5912.61019682884  0.9995522
5912.62760680914  0.9800206
5912.64501678943  1.00151
5912.66242676973  1.00207
5912.67983675003  0.979607
5912.69724673033  0.9915941
5912.71465671062  0.9927444
5912.73206669092  0.9945111
5912.74947667122  0.9779855
5912.76688665151  0.9828253
5912.78429663181  1.005981
5912.80170661211  0.9857122
5912.8191165924  0.994638
5912.8365265727  0.9959664
5912.853936553  0.9999517
5912.8713465333  0.9940413
5912.88875651359  0.983869
5912.90616649389  0.9764969
5912.92357647419  0.9790071
5912.94098645449  0.9776945
5912.95839643478  0.9817564
5912.97580641508  0.971514
5912.99321639538  0.9645143
5913.01062637567  0.9772525
5913.02803635597  0.9678387
5913.04544633627  0.9648483
5913.06285631656  0.9808895
5913.08026629686  1.002678
5913.09767627716  1.011781
5913.11508625746  0.9808779
5913.13249623775  0.9860786
5913.14990621805  0.9845932
5913.16731619835  1.02358
5913.18472617864  0.985206
5913.20213615894  0.9651209
5913.21954613924  1.002881
5913.23695611954  0.9972678
5913.25436609983  0.9961178
5913.27177608013  0.9929516
5913.28918606043  1.006459
5913.30659604072  1.009881
5913.32400602102  1.021527
5913.34141600132  0.9986056
5913.35882598161  0.9962631
5913.37623596191  0.9960232
5913.39364594221  1.005266
5913.41105592251  1.008939
5913.4284659028  1.004997
5913.4458758831  0.9898895
5913.4632858634  0.9985268
5913.48069584369  1.005578
5913.49810582399  1.004341
5913.51551580429  1.001641
5913.53292578459  0.9888574
5913.55033576488  0.9903429
5913.56774574518  0.9932041
5913.58515572548  1.001553
5913.60256570577  1.016182
5913.61997568607  1.01029
5913.63738566637  1.004789
5913.65479564666  1.006819
5913.67220562696  0.9964564
5913.68961560726  0.9904033
5913.70702558756  1.007289
5913.72443556785  1.006403
5913.74184554815  1.004297
5913.75925552845  0.9805349
5913.77666550874  0.9949613
5913.79407548904  0.9986079
5913.81148546934  0.9842763
5913.82889544964  0.9838326
5913.84630542993  0.983725
5913.86371541023  1.007583
5913.88112539053  0.9982656
5913.89853537083  0.989582
5913.91594535112  0.9927298
5913.93335533142  0.9871951
5913.95076531172  0.9880491
5913.96817529201  1.00996
5913.98558527231  1.011123
5914.00299525261  1.017582
5914.0204052329  1.021284
5914.0378152132  1.009944
5914.0552251935  0.9968008
5914.0726351738  0.9839725
5914.09004515409  0.9894543
5914.10745513439  0.9994265
5914.12486511469  1.005339
5914.14227509498  0.987384
5914.15968507528  0.9829883
5914.17709505558  0.9675878
5914.19450503587  0.9805521
5914.21191501617  0.9816478
5914.22932499647  0.9839095
5914.24673497677  0.9745554
5914.26414495706  0.9902399
5914.28155493736  1.019945
5914.29896491766  1.018261
5914.31637489796  1.006459
5914.33378487825  1.00681
5914.35119485855  1.01414
5914.36860483885  0.9985639
5914.38601481914  0.9908333
5914.40342479944  0.990888
5914.42083477974  0.9816645
5914.43824476003  0.9757101
5914.45565474033  1.011155
5914.47306472063  1.007172
5914.49047470092  0.9993479
5914.50788468122  0.985592
5914.52529466152  1.008646
5914.54270464182  1.014955
5914.56011462211  0.9869335
5914.57752460241  1.000653
5914.59493458271  1.005168
5914.612344563  1.006877
5914.6297545433  1.008242
5914.6471645236  1.00721
5914.6645745039  1.008115
5914.68198448419  1.03058
5914.69939446449  1.02326
5914.71680444479  1.01323
5914.73421442508  1.00644
5914.75162440538  1.007666
5914.76903438568  1.010434
5914.78644436597  0.9950193
5914.80385434627  0.993942
5914.82126432657  0.9966605
5914.83867430687  0.9847577
5914.85608428716  0.9944292
5914.87349426746  1.001367
5914.89090424776  0.9774095
5914.90831422806  0.9737637
5914.92572420835  0.968164
5914.94313418865  1.000183
5914.96054416895  0.9945841
5914.97795414924  0.9922096
5914.99536412954  0.986737
5915.01277410984  0.9937907
5915.03018409014  0.9981954
5915.04759407043  1.001352
5915.06500405073  0.9910969
5915.08241403103  0.9938968
5915.09982401132  0.9996707
5915.11723399162  1.016452
5915.13464397192  1.012223
5915.15205395221  0.9911183
5915.16946393251  1.003104
5915.18687391281  1.001142
5915.20428389311  1.013006
5915.2216938734  1.036345
5915.2391038537  1.029582
5915.256513834  1.029915
5915.2739238143  1.008009
5915.29133379459  1.013771
5915.30874377489  1.021078
5915.32615375519  0.9927945
5915.34356373548  1.00484
5915.36097371578  1.009704
5915.37838369608  0.9865642
5915.39579367637  0.9956349
5915.41320365667  0.9981374
5915.43061363697  0.9754601
5915.44802361727  0.9780037
5915.46543359756  0.9782178
5915.48284357786  0.9796801
5915.50025355816  0.9704455
5915.51766353846  0.9792394
5915.53507351875  0.9718823
5915.55248349905  1.006528
5915.56989347934  0.999686
5915.58730345964  0.9706877
5915.60471343994  0.984135
5915.62212342024  0.9862725
5915.63953340053  0.9920152
5915.65694338083  0.9871405
5915.67435336113  0.9840376
5915.69176334142  0.9706199
5915.70917332172  0.987701
5915.72658330202  0.9952545
5915.74399328232  1.000928
5915.76140326261  1.022245
5915.77881324291  0.9996243
5915.79622322321  0.9866469
5915.8136332035  0.9971907
5915.8310431838  1.009801
5915.8484531641  1.003953
5915.8658631444  0.9838409
5915.88327312469  0.9766965
5915.90068310499  0.9843698
5915.91809308529  1.023149
5915.93550306558  0.9944121
5915.95291304588  0.9885923
5915.97032302618  0.9986994
5915.98773300648  0.9956693
5916.00514298677  0.991936
5916.02255296707  0.9867682
5916.03996294737  0.9986914
5916.05737292766  0.9987079
5916.07478290796  0.9971585
5916.09219288826  0.990218
5916.10960286855  0.9977402
5916.12701284885  0.9984753
5916.14442282915  1.011397
5916.16183280945  1.006417
5916.17924278974  1.006361
5916.19665277004  0.9935296
5916.21406275034  1.017208
5916.23147273064  1.02112
5916.24888271093  1.033598
5916.26629269123  1.001478
5916.28370267153  0.9900039
5916.30111265182  0.9802187
5916.31852263212  1.007293
5916.33593261242  1.003862
5916.35334259271  1.015118
5916.37075257301  1.012612
5916.38816255331  1.006636
5916.40557253361  0.9925871
5916.4229825139  1.006027
5916.4403924942  1.013821
5916.4578024745  1.003914
5916.47521245479  0.9982284
5916.49262243509  0.9978291
5916.51003241539  0.9981981
5916.52744239568  0.9828966
5916.54485237598  0.9916926
5916.56226235628  0.9995692
5916.57967233658  0.9993877
5916.59708231687  0.9996072
5916.61449229717  0.9959501
5916.63190227747  0.9881483
5916.64931225777  1.006922
5916.66672223806  1.005556
5916.68413221836  1.004245
5916.70154219865  1.005125
5916.71895217895  0.9970166
5916.73636215925  0.9869398
5916.75377213955  0.9861503
5916.77118211984  0.9791823
5916.78859210014  0.9744506
5916.80600208044  0.9858155
5916.82341206074  0.9874413
5916.84082204103  0.9975443
5916.85823202133  1.016441
5916.87564200163  0.9971431
5916.89305198192  0.9857835
5916.91046196222  0.9988229
5916.92787194252  0.9800944
5916.94528192282  0.9810026
5916.96269190311  1.000329
5916.98010188341  0.9989696
5916.99751186371  0.9920728
5917.014921844  0.9814466
5917.0323318243  0.9988803
5917.0497418046  1.000607
5917.06715178489  1.000501
5917.08456176519  0.992297
5917.10197174549  0.9780278
5917.11938172579  0.9609917
5917.13679170608  0.9897041
5917.15420168638  0.9868693
5917.17161166668  0.9843956
5917.18902164697  1.001139
5917.20643162727  0.9849637
5917.22384160757  0.9797029
5917.24125158787  0.97059
5917.25866156816  0.9732834
5917.27607154846  0.9754606
5917.29348152876  0.9852398
5917.31089150905  0.9824533
5917.32830148935  0.9814338
5917.34571146965  0.9829707
5917.36312144995  0.9694052
5917.38053143024  0.9653903
5917.39794141054  0.9720809
5917.41535139084  0.9693708
5917.43276137113  0.9700538
5917.45017135143  0.9704918
5917.46758133173  0.9798159
5917.48499131202  0.9743369
5917.50240129232  0.9638866
5917.51981127262  0.9797271
5917.53722125292  0.9733941
5917.55463123321  0.9734047
5917.57204121351  0.9854336
5917.58945119381  1.003046
5917.6068611741  1.002573
5917.6242711544  0.9773887
5917.6416811347  0.9657605
5917.65909111499  0.96518
5917.67650109529  0.9666237
5917.69391107559  0.9659868
5917.71132105589  0.9776605
5917.72873103618  0.9887936
5917.74614101648  0.9766191
5917.76355099678  0.9849414
5917.78096097708  0.9702374
5917.79837095737  0.9836461
5917.81578093767  0.9959409
5917.83319091797  0.9851829
5917.85060089826  0.9964476
5917.86801087856  0.9806622
5917.88542085886  0.975673
5917.90283083916  0.9890165
5917.92024081945  1.000778
5917.93765079975  1.002629
5917.95506078005  1.005867
5917.97247076034  0.977635
5917.98988074064  0.9747948
5918.00729072094  0.9801287
5918.02470070124  0.9924269
5918.04211068153  0.9975156
5918.05952066183  1.00159
5918.07693064213  1.013317
5918.09434062242  0.9932298
5918.11175060272  0.9857626
5918.12916058302  0.9949545
5918.14657056331  0.9949105
5918.16398054361  0.9905114
5918.18139052391  0.9962108
5918.1988005042  0.9906199
5918.2162104845  0.9875826
5918.2336204648  0.9812136
5918.2510304451  0.9988873
5918.26844042539  0.9863421
5918.28585040569  0.9779654
5918.30326038599  0.9668538
5918.32067036629  0.970937
5918.33808034658  0.9667901
5918.35549032688  0.9568679
5918.37290030718  0.9385579
5918.39031028747  0.9401104
5918.40772026777  0.9369749
5918.42513024807  0.9389324
5918.44254022836  0.9416763
5918.45995020866  0.9556555
5918.47736018896  0.953642
5918.49477016926  0.9611232
5918.51218014955  0.9624436
5918.52959012985  0.9777411
5918.54700011015  0.9837828
5918.56441009045  0.9847227
5918.58182007074  0.9808955
5918.59923005104  0.9796619
5918.61664003134  0.9784493
5918.63405001163  0.9820154
5918.65145999193  0.9860684
5918.66886997223  0.991999
5918.68627995252  0.995546
5918.70368993282  1.013849
5918.72109991312  1.005237
5918.73850989341  0.9915969
5918.75591987371  0.9935312
5918.77332985401  0.994692
5918.79073983431  1.011036
5918.8081498146  1.006796
5918.8255597949  0.9963007
5918.8429697752  0.9860798
5918.8603797555  0.9906754
5918.87778973579  0.9787076
5918.89519971609  0.9697949
5918.91260969639  0.952961
5918.93001967668  0.9623005
5918.94742965698  0.9653819
5918.96483963728  0.9551196
5918.98224961757  0.9513417
5918.99965959787  0.93243
5919.01706957817  0.9244559
5919.03447955847  0.9252842
5919.05188953876  0.9143939
5919.06929951906  0.9074783
5919.08670949936  0.9160252
5919.10411947965  0.9241501
5919.12152945995  0.9385276
5919.13893944025  0.9537263
5919.15634942055  0.9738204
5919.17375940084  0.9745834
5919.19116938114  0.9685575
5919.20857936144  0.9797902
5919.22598934173  0.983519
5919.24339932203  0.9857806
5919.26080930233  0.9811954
5919.27821928262  0.985861
5919.29562926292  0.9900334
5919.31303924322  0.9964877
5919.33044922352  0.991292
5919.34785920381  0.9878647
5919.36526918411  0.9824061
5919.38267916441  0.978489
5919.4000891447  0.9756126
5919.417499125  0.9792525
5919.4349091053  0.9760739
5919.4523190856  0.9869727
5919.46972906589  1.004086
5919.48713904619  0.9793264
5919.50454902649  0.9728948
5919.52195900678  0.9792616
5919.53936898708  0.9678787
5919.55677896738  0.9482163
5919.57418894767  0.933847
5919.59159892797  0.9239157
5919.60900890827  0.912267
5919.62641888857  0.9102235
5919.64382886886  0.905306
5919.66123884916  0.9037601
5919.67864882946  0.9052964
5919.69605880976  0.9068868
5919.71346879005  0.9341947
5919.73087877035  0.9464037
5919.74828875065  0.9473853
5919.76569873094  0.9281924
5919.78310871124  0.945199
5919.80051869154  0.9524477
5919.81792867183  0.9621518
5919.83533865213  0.9741411
5919.85274863243  0.9637244
5919.87015861273  0.9494579
5919.88756859302  0.9604514
5919.90497857332  0.9591563
5919.92238855362  0.9622386
5919.93979853391  0.959632
5919.95720851421  0.950523
5919.97461849451  0.9600652
5919.99202847481  0.9409282
5920.0094384551  0.9659327
5920.0268484354  0.9720355
5920.0442584157  0.9797916
5920.06166839599  0.9802701
5920.07907837629  0.9717418
5920.09648835659  0.975014
5920.11389833689  0.9506022
5920.13130831718  0.9474235
5920.14871829748  0.9455926
5920.16612827778  0.9420581
5920.18353825807  0.9614468
5920.20094823837  0.9792932
5920.21835821867  0.9793755
5920.23576819897  0.9826536
5920.25317817926  0.9800525
5920.27058815956  0.9817839
5920.28799813986  0.9963475
5920.30540812015  0.9915897
5920.32281810045  0.99238
5920.34022808075  1.001637
5920.35763806104  0.9919134
5920.37504804134  0.9812823
5920.39245802164  0.9983135
5920.40986800194  1.000786
5920.42727798223  1.001098
5920.44468796253  0.9851242
5920.46209794283  0.9806231
5920.47950792312  0.9635886
5920.49691790342  0.9489577
5920.51432788372  0.9212306
5920.53173786402  0.9062858
5920.54914784431  0.8949624
5920.56655782461  0.8358496
5920.58396780491  0.8224174
5920.6013777852  0.8125062
5920.6187877655  0.7949249
5920.6361977458  0.8085665
5920.65360772609  0.8153733
5920.67101770639  0.8256055
5920.68842768669  0.8418262
5920.70583766698  0.8477418
5920.72324764728  0.8613519
5920.74065762758  0.8681311
5920.75806760788  0.8588825
5920.77547758817  0.8631496
5920.79288756847  0.8570346
5920.81029754877  0.8341819
5920.82770752907  0.8294753
5920.84511750936  0.8190163
5920.86252748966  0.7912521
5920.87993746996  0.7762542
5920.89734745025  0.7645449
5920.91475743055  0.7319227
5920.93216741085  0.7200917
5920.94957739115  0.7307764
5920.96698737144  0.7126848
5920.98439735174  0.6992471
5921.00180733204  0.6814609
5921.01921731233  0.6926633
5921.03662729263  0.6819823
5921.05403727293  0.6802793
5921.07144725322  0.6726881
5921.08885723352  0.6814177
5921.10626721382  0.6850413
5921.12367719412  0.6744608
5921.14108717441  0.6917225
5921.15849715471  0.6925186
5921.17590713501  0.694538
5921.1933171153  0.6861857
5921.2107270956  0.7054119
5921.2281370759  0.700974
5921.2455470562  0.6864187
5921.26295703649  0.6887646
5921.28036701679  0.676436
5921.29777699709  0.6564389
5921.31518697738  0.6214195
5921.33259695768  0.6120585
5921.35000693798  0.5818812
5921.36741691828  0.5730811
5921.38482689857  0.562948
5921.40223687887  0.5543851
5921.41964685917  0.5445578
5921.43705683946  0.5190487
5921.45446681976  0.5160517
5921.47187680006  0.5192052
5921.48928678036  0.5140947
5921.50669676065  0.5106824
5921.52410674095  0.5104427
5921.54151672125  0.4824452
5921.55892670154  0.4835224
5921.57633668184  0.4830963
5921.59374666214  0.4762113
5921.61115664243  0.4834496
5921.62856662273  0.4893486
5921.64597660303  0.4887009
5921.66338658333  0.5008337
5921.68079656362  0.4985268
5921.69820654392  0.5010349
5921.71561652422  0.4957737
5921.73302650452  0.48513
5921.75043648481  0.4773323
5921.76784646511  0.4679902
5921.78525644541  0.4476407
5921.8026664257  0.4322107
5921.820076406  0.3994593
5921.8374863863  0.3620319
5921.85489636659  0.3317128
5921.87230634689  0.2952428
5921.88971632719  0.2111988
5921.90712630749  0.1669086
5921.92453628778  0.121939
5921.94194626808  0.06079249
5921.95935624838  0.03643208
5921.97676622867  0.02144399
5921.99417620897  0.01499276
5922.01158618927  0.01074735
5922.02899616956  0.006582725
5922.04640614986  -6.926054E-5
5922.06381613016  0.005394164
5922.08122611046  0.00572275
5922.09863609075  0.005595154
5922.11604607105  3.436000E-4
5922.13345605135  0.002745025
5922.15086603165  0.003130085
5922.16827601194  0.004006066
5922.18568599224  0.003191076
5922.20309597254  0.004245792
5922.22050595283  0.005082231
5922.23791593313  0.003111003
5922.25532591343  0.002527331
5922.27273589372  0.002842681
5922.29014587402  0.008351127
5922.30755585432  0.005379345
5922.32496583461  0.001060991
5922.34237581491  1.250638E-4
5922.35978579521  0.004148339
5922.37719577551  0.01039215
5922.3946057558  0.01555888
5922.4120157361  0.04350191
5922.4294257164  0.0869652
5922.4468356967  0.1355428
5922.46424567699  0.2446221
5922.48165565729  0.3457337
5922.49906563759  0.4325635
5922.51647561788  0.5434036
5922.53388559818  0.6946498
5922.55129557848  0.7773544
5922.56870555877  0.8652635
5922.58611553907  0.9456661
5922.60352551937  0.9531007
5922.62093549967  0.9583794
5922.63834547996  0.9565227
5922.65575546026  0.9666213
5922.67316544056  0.9714707
5922.69057542086  0.9657947
5922.70798540115  0.9478124
5922.72539538145  0.9404874
5922.74280536175  0.9659241
5922.76021534204  0.9588315
5922.77762532234  0.9602593
5922.79503530264  0.9527602
5922.81244528293  0.9548756
5922.82985526323  0.9490743
5922.84726524353  0.9464725
5922.86467522383  0.9647219
5922.88208520412  0.9696816
5922.89949518442  0.9742725
5922.91690516472  0.9823673
5922.93431514501  0.9812721
5922.95172512531  0.9824651
5922.96913510561  0.9811599
5922.9865450859  0.9809595
5923.0039550662  0.9740421
5923.0213650465  0.9680737
5923.0387750268  0.9803083
5923.05618500709  0.9702756
5923.07359498739  0.9724488
5923.09100496769  0.9782047
5923.10841494798  0.9833193
5923.12582492828  0.9851866
5923.14323490858  0.9908302
5923.16064488888  0.9895815
5923.17805486917  0.9686326
5923.19546484947  0.9734952
5923.21287482977  0.9928986
5923.23028481006  0.9686685
5923.24769479036  0.9741356
5923.26510477066  0.9693507
5923.28251475096  1.003265
5923.29992473125  0.9889305
5923.31733471155  0.9803744
5923.33474469185  0.9830652
5923.35215467214  0.9968929
5923.36956465244  0.9938416
5923.38697463274  0.9895438
5923.40438461303  0.9909627
5923.42179459333  0.9748881
5923.43920457363  0.9695658
5923.45661455393  0.9831558
5923.47402453422  0.9979718
5923.49143451452  0.9924476
5923.50884449482  0.9753634
5923.52625447511  0.9766626
5923.54366445541  0.9870659
5923.56107443571  0.9874248
5923.57848441601  0.9654221
5923.5958943963  0.9622955
5923.6133043766  0.9485184
5923.6307143569  0.9501407
5923.6481243372  0.9435673
5923.66553431749  0.9503826
5923.68294429779  0.954268
5923.70035427808  0.9501351
5923.71776425838  0.9600766
5923.73517423868  0.9637989
5923.75258421898  0.9369673
5923.76999419927  0.9321157
5923.78740417957  0.9375383
5923.80481415987  0.952069
5923.82222414017  0.9467393
5923.83963412046  0.9494495
5923.85704410076  0.9487547
5923.87445408106  0.9669709
5923.89186406135  0.9623161
5923.90927404165  0.9668229
5923.92668402195  0.9961009
5923.94409400224  0.9900455
5923.96150398254  0.9848599
5923.97891396284  0.9895679
5923.99632394314  0.9954444
5924.01373392343  0.9915254
5924.03114390373  0.9845423
5924.04855388403  0.993684
5924.06596386433  0.9848504
5924.08337384462  0.9798197
5924.10078382492  0.9862546
5924.11819380522  0.9932088
5924.13560378551  0.9931712
5924.15301376581  0.9929906
5924.17042374611  0.9780675
5924.1878337264  0.9707835
5924.2052437067  0.9654391
5924.222653687  0.9573184
5924.2400636673  0.947202
5924.25747364759  0.9444936
5924.27488362789  0.9330861
5924.29229360819  0.9513147
5924.30970358848  0.9435874
5924.32711356878  0.9533114
5924.34452354908  0.9690734
5924.36193352937  0.981095
5924.37934350967  0.9814498
5924.39675348997  0.9730862
5924.41416347027  1.000314
5924.43157345056  1.00914
5924.44898343086  1.011655
5924.46639341116  1.00563
5924.48380339145  1.002764
5924.50121337175  1.011176
5924.51862335205  0.9929048
5924.53603333235  1.000685
5924.55344331264  1.004981
5924.57085329294  1.00274
5924.58826327324  0.9908688
5924.60567325353  0.9872687
5924.62308323383  0.9836486
5924.64049321413  1.011338
5924.65790319443  1.004489
5924.67531317472  0.997835
5924.69272315502  1.003996
5924.71013313532  0.9888152
5924.72754311561  0.9886329
5924.74495309591  0.9962959
5924.76236307621  1.008521
5924.77977305651  1.008669
5924.7971830368  1.012057
5924.8145930171  0.9956704
5924.8320029974  0.9770617
5924.84941297769  0.979101
5924.86682295799  0.9898173
5924.88423293829  1.020776
5924.90164291858  0.9984567
5924.91905289888  0.9817124
5924.93646287918  0.9587473
5924.95387285948  0.9675908
5924.97128283977  0.9740884
5924.98869282007  0.9650995
5925.00610280037  0.9607081
5925.02351278066  0.9594095
5925.04092276096  0.9654964
5925.05833274126  0.9595801
5925.07574272156  0.9817629
5925.09315270185  0.9887134
5925.11056268215  0.971953
5925.12797266245  0.9903618
5925.14538264274  0.9998775
5925.16279262304  0.9975056
5925.18020260334  0.992402
5925.19761258364  0.9864928
5925.21502256393  0.9840454
5925.23243254423  0.9947444
5925.24984252453  0.9850898
5925.26725250482  0.9833283
5925.28466248512  0.983879
5925.30207246542  0.9852129
5925.31948244571  1.002587
5925.33689242601  1.002335
5925.35430240631  1.00842
5925.37171238661  1.00023
5925.3891223669  0.9993017
5925.4065323472  0.9983057
5925.4239423275  0.9901202
5925.4413523078  0.9936861
5925.45876228809  0.9939154
5925.47617226839  0.99957
5925.49358224868  0.9965786
5925.51099222898  1.00204
5925.52840220928  0.995655
5925.54581218958  0.9869229
5925.56322216987  1.001646
5925.58063215017  1.004664
5925.59804213047  0.9845524
5925.61545211076  0.9894395
5925.63286209106  0.9903372
5925.65027207136  0.9972609
5925.66768205166  0.9774559
5925.68509203195  0.9822217
5925.70250201225  0.989149
5925.71991199255  0.9961309
5925.73732197284  0.9809477
5925.75473195314  0.9730824
5925.77214193344  0.9684371
5925.78955191374  0.9772677
5925.80696189403  0.9790853
5925.82437187433  0.9906685
5925.84178185463  0.9981472
5925.85919183492  0.9982182
5925.87660181522  1.004034
5925.89401179552  0.9786369
5925.91142177582  0.987747
5925.92883175611  0.988634
5925.94624173641  0.9864448
5925.96365171671  0.972517
5925.981061697  0.9624759
5925.9984716773  0.9632118
5926.0158816576  0.9752833
5926.03329163789  0.9727008
5926.05070161819  0.9867845
5926.06811159849  0.9816674
5926.08552157879  0.9854309
5926.10293155908  0.9684885
5926.12034153938  0.9651111
5926.13775151968  0.9654863
5926.15516149998  0.9782313
5926.17257148027  0.9838445
5926.18998146057  0.9877993
5926.20739144087  0.9663345
5926.22480142116  0.9723477
5926.24221140146  0.9865059
5926.25962138176  0.9808118
5926.27703136205  0.9968543
5926.29444134235  1.000448
5926.31185132265  0.9980538
5926.32926130295  1.005284
5926.34667128324  1.011242
5926.36408126354  1.003266
5926.38149124384  0.9991329
5926.39890122414  0.9989038
5926.41631120443  0.9908016
5926.43372118473  0.9851222
5926.45113116503  0.9894342
5926.46854114532  0.9819446
5926.48595112562  0.978438
5926.50336110592  0.9763443
5926.52077108621  0.9838366
5926.53818106651  0.978623
5926.55559104681  0.940186
5926.57300102711  0.9193294
5926.5904110074  0.9082463
5926.6078209877  0.9032993
5926.625230968  0.8987096
5926.64264094829  0.900386
5926.66005092859  0.9014634
5926.67746090889  0.9139964
5926.69487088918  0.9036575
5926.71228086948  0.9133627
5926.72969084978  0.9325097
5926.74710083008  0.9207647
5926.76451081037  0.9328723
5926.78192079067  0.9286688
5926.79933077097  0.9230421
5926.81674075126  0.8906144
5926.83415073156  0.881633
5926.85156071186  0.877224
5926.86897069216  0.882127
5926.88638067245  0.8688834
5926.90379065275  0.855608
5926.92120063305  0.840755
5926.93861061334  0.8422903
5926.95602059364  0.8400229
5926.97343057394  0.8363612
5926.99084055423  0.8173206
5927.00825053453  0.8278548
5927.02566051483  0.8296421
5927.04307049513  0.8288051
5927.06048047542  0.8172168
5927.07789045572  0.8225126
5927.09530043602  0.8233487
5927.11271041632  0.806959
5927.13012039661  0.8238519
5927.14753037691  0.8335109
5927.16494035721  0.8407322
5927.1823503375  0.8369438
5927.1997603178  0.8439096
5927.2171702981  0.834655
5927.23458027839  0.834636
5927.25199025869  0.8248134
5927.26940023899  0.8170217
5927.28681021929  0.7989792
5927.30422019958  0.7924048
5927.32163017988  0.7774978
5927.33904016018  0.7657847
5927.35645014047  0.7457483
5927.37386012077  0.7598208
5927.39127010107  0.7602704
5927.40868008136  0.7620524
5927.42609006166  0.7426897
5927.44350004196  0.7402688
5927.46091002226  0.732653
5927.47832000255  0.7044005
5927.49572998285  0.7070552
5927.51313996315  0.6989759
5927.53054994345  0.6934361
5927.54795992374  0.7008474
5927.56536990404  0.6910247
5927.58277988434  0.6846742
5927.60018986463  0.6977462
5927.61759984493  0.6769096
5927.63500982523  0.683507
5927.65241980552  0.7013098
5927.66982978582  0.6954615
5927.68723976612  0.7006284
5927.70464974642  0.7039571
5927.72205972671  0.68808
5927.73946970701  0.6728158
5927.75687968731  0.659785
5927.7742896676  0.6429715
5927.7916996479  0.6669869
5927.8091096282  0.6337999
5927.8265196085  0.603197
5927.84392958879  0.5783315
5927.86133956909  0.5232449
5927.87874954939  0.4552738
5927.89615952968  0.3777729
5927.91356950998  0.2698399
5927.93097949028  0.2124925
5927.94838947058  0.1589824
5927.96579945087  0.08849952
5927.98320943117  0.06769825
5928.00061941147  0.05347165
5928.01802939176  0.03764181
5928.03543937206  0.0343575
5928.05284935236  0.02661275
5928.07025933266  0.01893827
5928.08766931295  0.01282891
5928.10507929325  0.00222963
5928.12248927355  0.003018128
5928.13989925384  0.003935602
5928.15730923414  0.01061187
5928.17471921444  0.007142422
5928.19212919473  0.007065763
5928.20953917503  0.01153439
5928.22694915533  -0.004548892
5928.24435913563  -0.003183967
5928.26176911592  0.003166809
5928.27917909622  0.008735115
5928.29658907652  0.007267542
5928.31399905681  0.007103807
5928.33140903711  0.00873222
5928.34881901741  0.01259372
5928.36622899771  0.02314794
5928.383638978  0.0339489
5928.4010489583  0.05850164
5928.4184589386  0.1116245
5928.43586891889  0.1624791
5928.45327889919  0.2191777
5928.47068887949  0.3629075
5928.48809885978  0.451519
5928.50550884008  0.5535412
5928.52291882038  0.7056645
5928.54032880067  0.7921374
5928.55773878097  0.8604223
5928.57514876127  0.9167558
5928.59255874157  0.964964
5928.60996872186  0.969421
5928.62737870216  0.9783376
5928.64478868246  0.9837285
5928.66219866276  0.9944498
5928.67960864305  0.992653
5928.69701862335  0.9910617
5928.71442860365  0.9750846
5928.73183858394  0.9741086
5928.74924856424  0.976365
5928.76665854454  0.9761879
5928.78406852484  0.9694771
5928.80147850513  0.9742882
5928.81888848543  0.9735783
5928.83629846573  0.9845642
5928.85370844602  0.981434
5928.87111842632  0.9793472
5928.88852840662  0.9650849
5928.90593838692  0.9776353
5928.92334836721  0.9821404
5928.94075834751  0.9919506
5928.95816832781  0.9989483
5928.9755783081  0.9786214
5928.9929882884  0.9794843
5929.0103982687  0.979724
5929.02780824899  0.9873359
5929.04521822929  0.9800195
5929.06262820959  0.9849628
5929.08003818989  0.9907075
5929.09744817018  0.9933549
5929.11485815048  0.9924143
5929.13226813078  0.9840414
5929.14967811107  1.000365
5929.16708809137  0.9893849
5929.18449807167  0.9948202
5929.20190805197  1.003083
5929.21931803226  0.9801714
5929.23672801256  0.9875302
5929.25413799286  0.9930458
5929.27154797315  0.9676345
5929.28895795345  1.009894
5929.30636793375  1.010696
5929.32377791404  0.9966837
5929.34118789434  0.9955349
5929.35859787464  0.9766733
5929.37600785494  0.9788511
5929.39341783523  0.9823915
5929.41082781553  0.9819382
5929.42823779583  0.9796766
5929.44564777613  0.9832804
5929.46305775642  0.9794405
5929.48046773672  0.9770103
5929.49787771702  0.9802911
5929.51528769731  0.9900504
5929.53269767761  1.017977
5929.55010765791  0.9957786
5929.5675176382  0.9971109
5929.5849276185  0.981967
5929.6023375988  0.9926581
5929.61974757909  0.9857895
5929.63715755939  0.9916563
5929.65456753969  0.9671712
5929.67197751999  0.9920014
5929.68938750028  0.995734
5929.70679748058  1.003001
5929.72420746088  0.979032
5929.74161744118  0.994489
5929.75902742147  0.9963553
5929.77643740177  0.9856669
5929.79384738207  0.9881564
5929.81125736236  0.9860778
5929.82866734266  0.9907691
5929.84607732296  0.987321
5929.86348730326  0.9980625
5929.88089728355  0.9884022
5929.89830726385  1.000214
5929.91571724415  0.9994174
5929.93312722444  0.991909
5929.95053720474  0.9771494
5929.96794718504  0.9808955
5929.98535716533  0.9830806
5930.00276714563  0.9881984
5930.02017712593  0.9946874
5930.03758710623  0.9857059
5930.05499708652  0.9849441
5930.07240706682  0.9839222
5930.08981704712  0.9982275
5930.10722702741  0.9683679
5930.12463700771  0.9911307
5930.14204698801  1.007169
5930.15945696831  0.9789264
5930.1768669486  0.9989049
5930.1942769289  0.9997122
5930.2116869092  0.9996347
5930.22909688949  0.9880163
5930.24650686979  0.9936306
5930.26391685009  0.9903918
5930.28132683039  0.9683377
5930.29873681068  0.9972005
5930.31614679098  0.9933198
5930.33355677128  0.9729916
5930.35096675157  0.9994324
5930.36837673187  0.9891795
5930.38578671217  0.9910022
5930.40319669246  1.004348
5930.42060667276  0.9837783
5930.43801665306  0.986582
5930.45542663336  0.9907756
5930.47283661365  0.9801638
5930.49024659395  0.994012
5930.50765657425  0.9922525
5930.52506655454  0.980615
5930.54247653484  0.985585
5930.55988651514  0.9947184
5930.57729649544  0.996891
5930.59470647573  0.9958112
5930.61211645603  0.9738263
5930.62952643633  0.9837767
5930.64693641662  0.9944021
5930.66434639692  1.00129
5930.68175637722  0.9714479
5930.69916635752  0.9818796
5930.71657633781  0.9992406
5930.73398631811  0.9874141
5930.75139629841  1.005941
5930.7688062787  1.007242
5930.786216259  0.9858894
5930.8036262393  1.003538
5930.82103621959  1.000206
5930.83844619989  0.991559
5930.85585618019  0.9973225
5930.87326616049  0.9892023
5930.89067614078  0.9956769
5930.90808612108  1.01325
5930.92549610138  0.9981981
5930.94290608167  1.001061
5930.96031606197  1.00218
5930.97772604227  1.009782
5930.99513602257  0.9939087
5931.01254600286  0.9975837
5931.02995598316  1.008241
5931.04736596346  1.013407
5931.06477594375  1.009454
5931.08218592405  0.9927908
5931.09959590435  0.9759441
5931.11700588465  0.9803289
5931.13441586494  0.982947
5931.15182584524  0.9907451
5931.16923582554  1.006202
5931.18664580583  0.9851761
5931.20405578613  1.003325
5931.22146576643  1.01755
5931.23887574672  1.005165
5931.25628572702  0.9994673
5931.27369570732  1.00062
5931.29110568762  0.9967697
5931.30851566791  1.001666
5931.32592564821  0.9982786
5931.34333562851  1.000435
5931.3607456088  1.012896
5931.3781555891  0.9953982
5931.3955655694  1.017225
5931.4129755497  1.019187
5931.43038552999  0.9993006
5931.44779551029  0.9916492
5931.46520549059  0.9963827
5931.48261547089  1.008756
5931.50002545118  0.9940754
5931.51743543148  0.9910215
5931.53484541177  0.989222
5931.55225539207  0.9935955
5931.56966537237  0.9983221
5931.58707535267  1.003918
5931.60448533296  1.006879
5931.62189531326  1.010141
5931.63930529356  0.9873792
5931.65671527385  0.9885288
5931.67412525415  0.9918643
5931.69153523445  0.9962628
5931.70894521475  0.9998986
5931.72635519504  1.002961
5931.74376517534  1.002099
5931.76117515564  0.995611
5931.77858513593  0.9973507
5931.79599511623  1.007495
5931.81340509653  0.9985318
5931.83081507683  1.013856
5931.84822505712  1.001763
5931.86563503742  0.9919183
5931.88304501772  1.001191
5931.90045499801  1.015147
5931.91786497831  1.00692
5931.93527495861  0.9957895
5931.9526849389  1.008529
5931.9700949192  0.9893664
5931.9875048995  0.9798358
5932.0049148798  0.9770694
5932.02232486009  0.9723498
5932.03973484039  0.9660613
5932.05714482069  0.9497029
5932.07455480099  0.9369391
5932.09196478128  0.939012
5932.10937476158  0.9436565
5932.12678474188  0.9455208
5932.14419472217  0.9603384
5932.16160470247  0.9768798
5932.17901468277  0.9827405
5932.19642466306  0.9909466
5932.21383464336  0.9718999
5932.23124462366  0.9922014
5932.24865460396  0.9947974
5932.26606458425  0.9829124
5932.28347456455  0.9947771
5932.30088454485  1.000961
5932.31829452514  0.9995603
5932.33570450544  0.995599
5932.35311448574  0.9970707
5932.37052446604  0.9990876
5932.38793444633  1.017804
5932.40534442663  0.9980365
5932.42275440693  0.9972443
5932.44016438722  0.9998274
5932.45757436752  1.00881
5932.47498434782  1.007636
5932.49239432812  1.007185
5932.50980430841  1.002457
5932.52721428871  1.005942
5932.54462426901  1.008115
5932.5620342493  1.003842
5932.5794442296  0.9966208
5932.5968542099  0.9912708
5932.6142641902  0.9906304
5932.63167417049  1.001894
5932.64908415079  1.004287
5932.66649413109  0.9951497
5932.68390411138  0.9949643
5932.70131409168  0.995285
5932.71872407198  0.9910511
5932.73613405227  0.9856497
5932.75354403257  0.9535628
5932.77095401287  0.957673
5932.78836399317  0.9689133
5932.80577397346  0.9604057
5932.82318395376  0.9786545
5932.84059393406  0.9939148
5932.85800391435  0.9908024
5932.87541389465  1.01388
5932.89282387495  1.011095
5932.91023385524  1.011078
5932.92764383554  1.010454
5932.94505381584  0.9990167
5932.96246379614  1.005935
5932.97987377643  1.010191
5932.99728375673  1.005055
5933.01469373703  1.004239
5933.03210371733  0.997621
5933.04951369762  0.9851428
5933.06692367792  1.009771
5933.08433365822  0.9974649
5933.10174363851  0.9978295
5933.11915361881  0.9950781
5933.13656359911  0.9965209
5933.1539735794  0.9894064
5933.1713835597  0.9812151
5933.18879354  0.9942799
5933.2062035203  1.003617
5933.22361350059  0.9976863
5933.24102348089  0.9960022
5933.25843346119  0.9783544
5933.27584344148  0.9907382
5933.29325342178  0.9944687
5933.31066340208  0.9942777
5933.32807338238  0.9955228
5933.34548336267  1.001093
5933.36289334297  1.004824
5933.38030332327  1.002871
5933.39771330357  1.002673
5933.41512328386  0.9922895
5933.43253326416  0.9898201
5933.44994324445  0.9957385
5933.46735322475  1.001053
5933.48476320505  1.003081
5933.50217318535  0.997054
5933.51958316564  0.9871252
5933.53699314594  1.002724
5933.55440312624  0.9996407
5933.57181310654  0.9948233
5933.58922308683  0.9964755
5933.60663306713  1.00829
5933.62404304743  1.010643
5933.64145302772  0.9961771
5933.65886300802  0.9939121
5933.67627298832  1.00437
5933.69368296861  1.003592
5933.71109294891  1.006935
5933.72850292921  0.9957233
5933.74591290951  1.005669
5933.7633228898  1.009577
5933.7807328701  1.020413
5933.7981428504  0.9952863
5933.81555283069  0.9873
5933.83296281099  0.9815087
5933.85037279129  0.9943972
5933.86778277158  1.007801
5933.88519275188  1.011663
5933.90260273218  1.01374
5933.92001271248  0.9972473
5933.93742269277  0.991817
5933.95483267307  0.9833991
5933.97224265337  0.9834324
5933.98965263367  0.9951515
5934.00706261396  0.9919352
5934.02447259426  0.9840096
5934.04188257456  0.9664983
5934.05929255485  1.000007
5934.07670253515  0.9876229
5934.09411251545  0.9870289
5934.11152249574  1.008343
5934.12893247604  0.9832433
5934.14634245634  0.998482
5934.16375243664  1.004854
5934.18116241693  1.02404
5934.19857239723  1.001306
5934.21598237753  0.9995434
5934.23339235782  0.9996736
5934.25080233812  0.9917373
5934.26821231842  1.001225
5934.28562229872  0.9915408
5934.30303227901  0.9987804
5934.32044225931  0.9998776
5934.33785223961  1.009308
5934.3552622199  1.006275
5934.3726722002  0.9975423
5934.3900821805  1.005407
5934.40749216079  0.9933159
5934.42490214109  0.9883575
5934.44231212139  0.99378
5934.45972210169  0.9961384
5934.47713208198  1.002421
5934.49454206228  1.010871
5934.51195204258  1.01567
5934.52936202288  1.012162
5934.54677200317  1.01209
5934.56418198347  1.014378
5934.58159196377  1.016003
5934.59900194406  1.013056
5934.61641192436  1.009845
5934.63382190466  1.011622
5934.65123188495  1.001397
5934.66864186525  1.020094
5934.68605184555  1.006851
5934.70346182585  0.9937165
5934.72087180614  1.011961
5934.73828178644  0.9970412
5934.75569176674  1.000062
5934.77310174703  1.013504
5934.79051172733  1.013365
5934.80792170763  1.012296
5934.82533168792  1.0193
5934.84274166822  1.003503
5934.86015164852  1.005986
5934.87756162882  0.9984344
5934.89497160911  0.9985493
5934.91238158941  1.003471
5934.92979156971  0.9965028
5934.94720155001  1.00586
5934.9646115303  1.0042
5934.9820215106  1.012442
5934.9994314909  1.012137
5935.01684147119  1.005915
5935.03425145149  1.002088
5935.05166143179  1.011668
5935.06907141208  0.9996123
5935.08648139238  1.006161
5935.10389137268  0.9943367
5935.12130135298  0.9795349
5935.13871133327  1.00242
5935.15612131357  1.003202
5935.17353129387  0.9959157
5935.19094127416  0.9912049
5935.20835125446  1.006309
5935.22576123476  0.9925504
5935.24317121505  0.9924428
5935.26058119535  0.9876271
5935.27799117565  0.9902984
5935.29540115595  1.004852
5935.31281113624  1.023663
5935.33022111654  1.013778
5935.34763109684  0.9972543
5935.36504107713  0.996345
5935.38245105743  1.000695
5935.39986103773  0.9837933
5935.41727101803  0.9926921
5935.43468099832  1.003946
5935.45209097862  0.9982081
5935.46950095892  0.9889846
5935.48691093921  1.014501
5935.50432091951  1.013066
5935.52173089981  0.9970778
5935.53914088011  0.9777908
5935.5565508604  0.990779
5935.5739608407  1.003816
5935.591370821  1.009401
5935.60878080129  1.018728
5935.62619078159  0.9992523
5935.64360076189  0.9993771
5935.66101074219  0.9882478
5935.67842072248  0.9875286
5935.69583070278  0.9999664
5935.71324068308  0.9997768
5935.73065066337  0.9908488
5935.74806064367  0.9915785
5935.76547062397  0.9844748
5935.78288060426  0.97544
5935.80029058456  0.9764165
5935.81770056486  0.9922615
5935.83511054516  0.9924935
5935.85252052545  0.9916032
5935.86993050575  0.976353
5935.88734048605  0.991172
5935.90475046634  1.004678
5935.92216044664  1.003812
5935.93957042694  0.9950778
5935.95698040724  0.9827983
5935.97439038753  0.9826716
5935.99180036783  0.994684
5936.00921034813  1.027241
5936.02662032842  0.9889097
5936.04403030872  0.995323
5936.06144028902  1.012017
5936.07885026932  1.001048
5936.09626024961  1.007709
5936.11367022991  0.9956815
5936.13108021021  1.012056
5936.1484901905  1.001961
5936.1659001708  1.008369
5936.1833101511  1.010633
5936.20072013139  0.9853562
5936.21813011169  0.987466
5936.23554009199  0.9869077
5936.25295007229  0.9894446
5936.27036005258  0.9846517
5936.28777003288  0.9969884
5936.30518001318  0.9927937
5936.32258999348  0.9838131
5936.33999997377  0.9737545
5936.35740995407  1.01126
5936.37481993436  1.001026
5936.39222991466  0.9947594
5936.40963989496  0.998152
5936.42704987526  0.9972258
5936.44445985555  1.00657
5936.46186983585  1.00795
5936.47927981615  1.012088
5936.49668979645  0.9948202
5936.51409977674  0.9924365
5936.53150975704  0.9910282
5936.54891973734  1.000319
5936.56632971763  0.9770045
5936.58373969793  0.9974617
5936.60114967823  1.003553
5936.61855965853  1.00205
5936.63596963882  1.004566
5936.65337961912  0.9870462
5936.67078959942  0.979244
5936.68819957971  0.978946
5936.70560956001  0.9997441
5936.72301954031  0.9983268
5936.7404295206  0.9906745
5936.7578395009  0.9827412
5936.7752494812  1.00535
5936.7926594615  0.9926038
5936.81006944179  0.9971753
5936.82747942209  1.003383
5936.84488940239  0.9884061
5936.86229938268  0.9805167
5936.87970936298  0.9770805
5936.89711934328  0.9854842
5936.91452932358  0.9881126
5936.93193930387  0.9871442
5936.94934928417  1.003149
5936.96675926447  1.020669
5936.98416924476  1.014953
5937.00157922506  1.004392
5937.01898920536  1.001182
5937.03639918566  1.007355
5937.05380916595  0.9910517
5937.07121914625  0.9919121
5937.08862912655  0.9957275
5937.10603910684  0.986672
5937.12344908714  1.000393
5937.14085906744  1.008397
5937.15826904773  1.018759
5937.17567902803  1.014109
5937.19308900833  0.9976594
5937.21049898863  0.9946998
5937.22790896892  0.984239
5937.24531894922  0.9723111
5937.26272892952  0.9925044
5937.28013890982  0.9965436
5937.29754889011  0.9997509
5937.31495887041  0.9847672
5937.33236885071  0.9759038
5937.349778831  0.9926745
5937.3671888113  1.00347
5937.3845987916  1.005731
5937.40200877189  1.003262
5937.41941875219  0.9823062
5937.43682873249  0.9732382
5937.45423871279  0.9947831
5937.47164869308  1.001812
5937.48905867338  0.9918063
5937.50646865368  0.9898123
5937.52387863397  1.009299
5937.54128861427  1.000109
5937.55869859457  0.9967492
5937.57610857486  1.018772
5937.59351855516  1.026074
5937.61092853546  0.9938709
5937.62833851576  0.9958383
5937.64574849605  0.9955876
5937.66315847635  1.000068
5937.68056845665  1.014534
5937.69797843695  1.002929
5937.71538841724  1.01182
5937.73279839754  1.013938
5937.75020837784  1.012289
5937.76761835813  1.001595
5937.78502833843  1.009396
5937.80243831873  1.01525
5937.81984829902  1.004467
5937.83725827932  0.9926159
5937.85466825962  0.9962176
5937.87207823991  1.002392
5937.88948822021  0.9897362
5937.90689820051  0.9933206
5937.92430818081  0.9962916
5937.9417181611  1.002915
5937.9591281414  0.9798071
5937.9765381217  0.9838349
5937.993948102  0.9821662
5938.01135808229  0.9636955
5938.02876806259  0.9853362
5938.04617804289  0.9702221
5938.06358802318  0.9801598
5938.08099800348  0.988271
5938.09840798378  0.9679868
5938.11581796407  0.9781905
5938.13322794437  0.9962573
5938.15063792467  1.001813
5938.16804790497  0.9792657
5938.18545788526  0.990305
5938.20286786556  0.9959234
5938.22027784586  0.9628193
5938.23768782615  1.00508
5938.25509780645  0.9917089
5938.27250778675  0.9984748
5938.28991776705  1.004215
5938.30732774734  0.9843528
5938.32473772764  1.001432
5938.34214770794  0.9952951
5938.35955768823  0.9982617
5938.37696766853  1.004196
5938.39437764883  1.001962
5938.41178762913  0.9909146
5938.42919760942  0.9877626
5938.44660758972  1.006967
5938.46401757002  1.00145
5938.48142755031  1.002803
5938.49883753061  0.9842156
5938.51624751091  0.9827859
5938.5336574912  0.9887053
5938.5510674715  0.9900401
5938.5684774518  0.991187
5938.5858874321  0.9954552
5938.60329741239  0.9785931
5938.62070739269  0.9962586
5938.63811737299  1.002287
5938.65552735328  0.9973181
5938.67293733358  1.00545
5938.69034731388  0.9953427
5938.70775729418  1.002994
5938.72516727447  1.006527
5938.74257725477  0.9783037
5938.75998723507  0.9997015
5938.77739721536  1.009727
5938.79480719566  1.006683
5938.81221717596  1.001662
5938.82962715626  1.008616
5938.84703713655  1.001728
5938.86444711685  0.9923739
5938.88185709715  0.9902332
5938.89926707744  0.9883969
5938.91667705774  0.9975922
5938.93408703804  0.991401
5938.95149701834  1.01819
5938.96890699863  1.015345
5938.98631697893  1.009788
5939.00372695923  0.993342
5939.02113693952  1.015981
5939.03854691982  1.005183
5939.05595690012  1.002106
5939.07336688041  1.002771
5939.09077686071  1.007295
5939.10818684101  0.9990249
5939.12559682131  1.002056
5939.1430068016  0.9891616
5939.1604167819  0.9986718
5939.1778267622  0.9815568
5939.19523674249  0.9930876
5939.21264672279  1.006911
5939.23005670309  0.9969858
5939.24746668339  0.997262
5939.26487666368  1.002141
5939.28228664398  1.012532
5939.29969662428  1.006816
5939.31710660457  0.991428
5939.33451658487  0.9819705
5939.35192656517  0.9737332
5939.36933654546  0.9935111
5939.38674652576  1.008038
5939.40415650606  0.9994411
5939.42156648636  1.003741
5939.43897646665  1.007666
5939.45638644695  0.9971142
5939.47379642725  1.001111
5939.49120640755  1.0065
5939.50861638784  0.9982095
5939.52602636814  0.9908603
5939.54343634844  1.002552
5939.56084632873  1.009269
5939.57825630903  1.018494
5939.59566628933  0.9960249
5939.61307626963  1.013447
5939.63048624992  1.005193
5939.64789623022  0.9918459
5939.66530621052  0.9943391
5939.68271619081  1.014252
5939.70012617111  1.001017
5939.71753615141  0.9836804
5939.7349461317  1.000561
5939.752356112  0.9822029
5939.7697660923  0.9933555
5939.7871760726  0.996689
5939.80458605289  0.9917526
5939.82199603319  0.9963461
5939.83940601349  0.9972069
5939.85681599378  0.9955567
5939.87422597408  1.004093
5939.89163595438  1.000036
5939.90904593468  0.9882515
5939.92645591497  0.9835514
5939.94386589527  0.9890661
5939.96127587557  0.9803026
5939.97868585586  0.9573228
5939.99609583616  0.9721749
5940.01350581646  0.9914438
5940.03091579675  1.007105
5940.04832577705  1.000339
5940.06573575735  0.9996292
5940.08314573765  0.9972987
5940.10055571794  1.013328
5940.11796569824  1.006461
5940.13537567854  1.010354
5940.15278565883  1.003412
5940.17019563913  1.030688
5940.18760561943  0.9988022
5940.20501559973  0.9862238
5940.22242558002  0.98181
5940.23983556032  0.9799715
5940.25724554062  0.9940591
5940.27465552091  0.9943619
5940.29206550121  0.9981654
5940.30947548151  1.005198
5940.32688546181  0.9729873
5940.3442954421  0.9939045
5940.3617054224  0.9979454
5940.3791154027  0.9772097
5940.39652538299  0.9622587
5940.41393536329  0.9694174
5940.43134534359  0.9636506
5940.44875532388  0.9540994
5940.46616530418  1.002482
5940.48357528448  0.9975132
5940.50098526478  1.000273
5940.51839524507  0.9947414
5940.53580522537  1.007583
5940.55321520567  1.001731
5940.57062518596  1.002249
5940.58803516626  0.9963949
5940.60544514656  0.9966661
5940.62285512686  1.009507
5940.64026510715  1.004434
5940.65767508745  1.00151
5940.67508506775  0.9971904
5940.69249504804  1.010464
5940.70990502834  1.000596
5940.72731500864  0.9920123
5940.74472498894  0.9969828
5940.76213496923  1.011567
5940.77954494953  1.00274
5940.79695492983  0.9987691
5940.81436491012  0.9970142
5940.83177489042  0.9881346
5940.84918487072  0.9953176
5940.86659485101  0.9795113
5940.88400483131  0.9716572
5940.90141481161  0.9822605
5940.91882479191  0.9748891
5940.9362347722  0.9647894
5940.9536447525  0.9710279
5940.9710547328  0.9811536
5940.98846471309  0.9691129
5941.00587469339  0.9578714
5941.02328467369  0.9433663
5941.04069465399  0.9441126
5941.05810463428  0.9342813
5941.07551461458  0.9264964
5941.09292459488  0.9290283
5941.11033457517  0.9336278
5941.12774455547  0.9284386
5941.14515453577  0.9497811
5941.16256451607  0.9876747
5941.17997449636  1.005808
5941.19738447666  0.9767555
5941.21479445696  0.9767902
5941.23220443726  0.9674249
5941.24961441755  0.9750248
5941.26702439785  0.9732631
5941.28443437814  0.9869864
5941.30184435844  0.9774023
5941.31925433874  0.9842666
5941.33666431904  0.9932904
5941.35407429933  1.003465
5941.37148427963  0.9839077
5941.38889425993  0.9826384
5941.40630424023  0.9748821
5941.42371422052  0.9929938
5941.44112420082  0.9709482
5941.45853418112  0.9762903
5941.47594416141  0.9823863
5941.49335414171  1.003132
5941.51076412201  0.9844139
5941.5281741023  0.973832
5941.5455840826  0.965813
5941.5629940629  0.9714223
5941.5804040432  0.9519624
5941.59781402349  0.9449117
5941.61522400379  0.9541797
5941.63263398409  0.9709337
5941.65004396438  0.9494986
5941.66745394468  0.9473945
5941.68486392498  0.9616916
5941.70227390527  0.9862564
5941.71968388557  1.008708
5941.73709386587  1.004483
5941.75450384617  0.9920123
5941.77191382646  0.9735065
5941.78932380676  0.9851874
5941.80673378706  1.001877
5941.82414376735  1.007102
5941.84155374765  1.00815
5941.85896372795  1.00965
5941.87637370825  0.9971402
5941.89378368854  0.9859183
5941.91119366884  0.981114
5941.92860364914  0.9844618
5941.94601362943  0.991806
5941.96342360973  1.008289
5941.98083359003  1.008688
5941.99824357033  1.003738
5942.01565355062  0.9993933
5942.03306353092  1.010301
5942.05047351122  0.9983544
5942.06788349151  1.000034
5942.08529347181  0.9893364
5942.10270345211  0.9812279
5942.1201134324  1.01151
5942.1375234127  1.000926
5942.154933393  0.9905452
5942.1723433733  1.006444
5942.18975335359  0.9920819
5942.20716333389  0.9946513
5942.22457331419  0.9851531
5942.24198329448  0.991284
5942.25939327478  0.9875908
5942.27680325508  0.9805853
5942.29421323538  0.9675021
5942.31162321567  0.9725468
5942.32903319597  0.9385144
5942.34644317627  0.9754388
5942.36385315657  0.9724236
5942.38126313686  0.9620286
5942.39867311716  0.9681522
5942.41608309746  0.9413667
5942.43349307775  0.9490653
5942.45090305805  0.9413581
5942.46831303835  0.9464776
5942.48572301864  0.942773
5942.50313299894  0.94261
5942.52054297924  0.9448512
5942.53795295954  0.9335855
5942.55536293983  0.8955443
5942.57277292013  0.9107106
5942.59018290043  0.9239396
5942.60759288073  0.9527528
5942.62500286102  0.9655593
5942.64241284132  0.9761752
5942.65982282161  0.9849058
5942.67723280191  0.9905856
5942.69464278221  1.002786
5942.71205276251  0.9831175
5942.7294627428  0.9823284
5942.7468727231  0.992358
5942.7642827034  0.9878263
5942.78169268369  0.9952767
5942.79910266399  0.9814774
5942.81651264429  0.993634
5942.83392262459  0.9896682
5942.85133260488  0.986996
5942.86874258518  0.9855359
5942.88615256548  0.9940348
5942.90356254577  0.9838886
5942.92097252607  0.9856948
5942.93838250637  0.9930703
5942.95579248667  0.998464
5942.97320246696  1.000856
5942.99061244726  0.9999495
5943.00802242756  0.9904084
5943.02543240785  0.9945717
5943.04284238815  1.001716
5943.06025236845  0.9964311
5943.07766234874  0.9908489
5943.09507232904  1.020421
5943.11248230934  1.002877
5943.12989228964  1.00602
5943.14730226993  1.01848
5943.16471225023  1.002738
5943.18212223053  1.013968
5943.19953221082  1.012934
5943.21694219112  1.008666
5943.23435217142  0.9940512
5943.25176215172  0.997196
5943.26917213201  1.000165
5943.28658211231  1.008647
5943.30399209261  0.9998597
5943.3214020729  0.9956552
5943.3388120532  1.001439
5943.3562220335  1.001951
5943.3736320138  1.002856
5943.39104199409  0.9952285
5943.40845197439  1.005758
5943.42586195469  1.010668
5943.44327193498  0.991397
5943.46068191528  1.003683
5943.47809189558  1.008362
5943.49550187588  1.019277
5943.51291185617  1.003019
5943.53032183647  0.9924331
5943.54773181677  0.9949426
5943.56514179706  1.005441
5943.58255177736  1.003057
5943.59996175766  0.9964197
5943.61737173795  0.9942076
5943.63478171825  0.9984535
5943.65219169855  0.9961519
5943.66960167885  1.010227
5943.68701165914  1.009935
5943.70442163944  1.013598
5943.72183161974  1.00926
5943.73924160004  1.006925
5943.75665158033  1.003757
5943.77406156063  1.005866
5943.79147154092  1.008824
5943.80888152122  1.011059
5943.82629150152  1.004106
5943.84370148182  1.003159
5943.86111146211  1.019005
5943.87852144241  1.013633
5943.89593142271  1.008613
5943.91334140301  1.005772
5943.9307513833  1.003078
5943.9481613636  1.019357
5943.9655713439  0.9981757
5943.98298132419  0.9945979
5944.00039130449  1.005757
5944.01780128479  1.004372
5944.03521126508  0.997021
5944.05262124538  0.9980109
5944.07003122568  1.00473
5944.08744120598  1.003229
5944.10485118627  0.9961076
5944.12226116657  0.9959413
5944.13967114687  0.9958027
5944.15708112716  1.001117
5944.17449110746  0.989199
5944.19190108776  0.9962069
5944.20931106806  0.980841
5944.22672104835  0.9714789
5944.24413102865  0.9795237
5944.26154100895  0.959129
5944.27895098925  0.9849336
5944.29636096954  0.966046
5944.31377094984  0.9717914
5944.33118093014  0.9678375
5944.34859091043  0.9732076
5944.36600089073  0.9738503
5944.38341087103  0.9653991
5944.40082085132  0.9791965
5944.41823083162  0.9823855
5944.43564081192  0.995628
5944.45305079222  1.009295
5944.47046077251  1.015153
5944.48787075281  0.9949551
5944.50528073311  1.000558
5944.5226907134  0.9900788
5944.5401006937  0.9978444
5944.557510674  0.9885304
5944.57492065429  0.9911212
5944.59233063459  1.003476
5944.60974061489  1.000327
5944.62715059519  0.9834953
5944.64456057548  0.9791672
5944.66197055578  0.9840537
5944.67938053608  0.9918975
5944.69679051637  0.9795764
5944.71420049667  0.9750653
5944.73161047697  0.9972807
5944.74902045726  0.9769877
5944.76643043756  0.9746183
5944.78384041786  0.9571748
5944.80125039816  0.9575725
5944.81866037845  0.9888179
5944.83607035875  0.9848081
5944.85348033905  0.9776963
5944.87089031935  0.9955956
5944.88830029964  1.003053
5944.90571027994  0.9933383
5944.92312026024  0.9997966
5944.94053024053  0.9984466
5944.95794022083  0.9912216
5944.97535020113  1.020192
5944.99276018142  1.000629
5945.01017016172  0.9960095
5945.02758014202  0.9997714
5945.04499012232  1.016298
5945.06240010261  1.003952
5945.07981008291  1.000093
5945.09722006321  1.002604
5945.11463004351  1.016433
5945.1320400238  1.025601
5945.1494500041  1.008893
5945.1668599844  0.9931741
5945.18426996469  0.987415
5945.20167994499  1.023944
5945.21908992529  0.9741681
5945.23649990558  0.9767012
5945.25390988588  0.9764577
5945.27131986618  0.9799477
5945.28872984647  0.9968628
5945.30613982677  0.9853051
5945.32354980707  0.9860613
5945.34095978737  0.9850658
5945.35836976766  0.9872047
5945.37577974796  1.02001
5945.39318972826  0.9978599
5945.41059970856  0.9949546
5945.42800968885  1.014126
5945.44541966915  0.9916435
5945.46282964945  0.9859562
5945.48023962974  0.9920428
5945.49764961004  1.012492
5945.51505959034  1.013298
5945.53246957063  0.9872722
5945.54987955093  0.9882573
5945.56728953123  0.9777517
5945.58469951153  0.9799286
5945.60210949182  0.9889178
5945.61951947212  0.9774311
5945.63692945242  0.97407
5945.65433943271  0.9743244
5945.67174941301  0.9914927
5945.68915939331  0.9920912
5945.7065693736  0.9760603
5945.7239793539  0.9766884
5945.7413893342  0.9843321
5945.7587993145  0.9924359
5945.77620929479  0.9736785
5945.79361927509  1.00062
5945.81102925539  0.9931095
5945.82843923569  0.9643024
5945.84584921598  0.9881166
5945.86325919628  1.001262
5945.88066917658  1.003925
5945.89807915687  0.9812145
5945.91548913717  0.9753753
5945.93289911747  0.9746121
5945.95030909776  0.9484407
5945.96771907806  0.9491996
5945.98512905836  0.9442066
5946.00253903866  0.9341398
5946.01994901895  0.9238328
5946.03735899925  0.9411067
5946.05476897955  0.9514698
5946.07217895984  0.948428
5946.08958894014  0.9773355
5946.10699892044  0.9731717
5946.12440890074  0.9905716
5946.14181888103  0.9949446
5946.15922886133  0.9778183
5946.17663884163  1.003556
5946.19404882192  0.9960774
5946.21145880222  0.9953489
5946.22886878252  1.002265
5946.24627876282  1.003364
5946.26368874311  0.9977739
5946.28109872341  0.9967862
5946.29850870371  1.001312
5946.315918684  0.9779918
5946.3333286643  1.009272
5946.3507386446  1.005725
5946.36814862489  0.992092
5946.38555860519  0.9909116
5946.40296858549  1.005304
5946.42037856579  0.9895704
5946.43778854608  1.008132
5946.45519852638  1.022432
5946.47260850668  1.009359
5946.49001848697  0.9980653
5946.50742846727  0.9798406
5946.52483844757  0.9981294
5946.54224842787  1.006801
5946.55965840816  0.9942288
5946.57706838846  0.9925605
5946.59447836876  1.005929
5946.61188834905  1.017604
5946.62929832935  1.007522
5946.64670830965  0.991206
5946.66411828994  0.9989555
5946.68152827024  1.006549
5946.69893825054  0.9982129
5946.71634823084  0.9855508
5946.73375821113  1.006547
5946.75116819143  0.9814579
5946.76857817173  0.9928666
5946.78598815202  0.9878309
5946.80339813232  0.9747358
5946.82080811262  0.9750968
5946.83821809292  0.9673823
5946.85562807321  0.9726164
5946.87303805351  0.9824526
5946.89044803381  0.9722281
5946.9078580141  0.9791585
5946.9252679944  0.9697837
5946.9426779747  0.9801286
5946.960087955  0.9754958
5946.97749793529  0.9764181
5946.99490791559  0.9816
5947.01231789589  0.9547197
5947.02972787618  0.9549125
5947.04713785648  0.9496052
5947.06454783678  0.945062
5947.08195781707  0.9755192
5947.09936779737  0.9620497
5947.11677777767  0.965671
5947.13418775797  0.9789497
5947.15159773826  0.9830212
5947.16900771856  1.006229
5947.18641769886  1.009842
5947.20382767916  0.9924045
5947.22123765945  0.9965672
5947.23864763975  1.000651
5947.25605762005  0.9890019
5947.27346760034  0.9874427
5947.29087758064  0.9990383
5947.30828756094  0.9899477
5947.32569754124  1.001602
5947.34310752153  0.987552
5947.36051750183  1.011591
5947.37792748213  1.01201
5947.39533746242  1.012131
5947.41274744272  1.014308
5947.43015742302  1.010938
5947.44756740332  1.006106
5947.46497738361  1.009551
5947.48238736391  0.9971495
5947.49979734421  1.003196
5947.5172073245  1.004058
5947.5346173048  1.005761
5947.5520272851  1.008222
5947.56943726539  1.029918
5947.58684724569  1.015171
5947.60425722599  1.016348
5947.62166720629  1.00262
5947.63907718658  0.9868904
5947.65648716688  0.9945394
5947.67389714718  1.00437
5947.69130712747  1.010862
5947.70871710777  1.008646
5947.72612708807  0.9984277
5947.74353706836  0.9851286
5947.76094704866  0.9869328
5947.77835702896  0.9970668
5947.79576700926  1.009588
5947.81317698955  1.010228
5947.83058696985  1.00712
5947.84799695015  1.020042
5947.86540693044  1.016034
5947.88281691074  1.007204
5947.90022689104  1.034267
5947.91763687134  1.017813
5947.93504685163  0.9942346
5947.95245683193  0.9937267
5947.96986681223  0.9934496
5947.98727679252  0.9696291
5948.00468677282  0.9871764
5948.02209675312  0.9991307
5948.03950673341  0.9978122
5948.05691671371  0.9933308
5948.07432669401  0.9986159
5948.09173667431  1.017009
5948.1091466546  0.9972289
5948.1265566349  0.9967806
5948.1439666152  1.010566
5948.1613765955  0.9993391
5948.17878657579  0.9781746
5948.19619655609  0.9944104
5948.21360653639  0.9974827
5948.23101651668  1.0043
5948.24842649698  0.9978432
5948.26583647728  0.9912719
5948.28324645757  1.008886
5948.30065643787  1.006323
5948.31806641817  0.996238
5948.33547639847  1.010614
5948.35288637876  0.9868381
5948.37029635906  0.9913741
5948.38770633936  1.003753
5948.40511631965  1.009486
5948.42252629995  1.01896
5948.43993628025  1.001732
5948.45734626055  1.000537
5948.47475624084  1.012379
5948.49216622114  0.9850826
5948.50957620144  1.003086
5948.52698618173  1.002284
5948.54439616203  0.98975
5948.56180614233  1.008185
5948.57921612263  1.005986
5948.59662610292  1.00815
5948.61403608322  0.9984127
5948.63144606352  0.993407
5948.64885604381  0.9983692
5948.66626602411  1.007298
5948.68367600441  0.9946045
5948.7010859847  0.9826075
5948.718495965  0.9787437
5948.7359059453  0.9860717
5948.7533159256  1.003835
5948.77072590589  1.000312
5948.78813588619  1.006989
5948.80554586649  1.004725
5948.82295584678  0.9985137
5948.84036582708  1.005148
5948.85777580738  1.011274
5948.87518578768  0.9908832
5948.89259576797  1.00515
5948.91000574827  1.006794
5948.92741572857  0.9947966
5948.94482570886  1.015378
5948.96223568916  1.003933
5948.97964566946  0.9938994
5948.99705564975  0.9884021
5949.01446563005  0.9828997
5949.03187561035  0.9868693
5949.04928559065  0.9838501
5949.06669557094  0.9878553
5949.08410555124  0.9778476
5949.10151553154  0.9619053
5949.11892551183  0.9321857
5949.13633549213  0.9393613
5949.15374547243  0.9481261
5949.17115545273  0.9611613
5949.18856543302  0.9460771
5949.20597541332  0.9601234
5949.22338539362  0.9588091
5949.24079537392  0.9709644
5949.25820535421  0.9729517
5949.27561533451  0.9810247
5949.29302531481  0.9853706
5949.3104352951  0.9729614
5949.3278452754  0.979269
5949.3452552557  0.9904047
5949.36266523599  0.9901946
5949.38007521629  1.015378
5949.39748519659  1.002082
5949.41489517688  0.9934225
5949.43230515718  0.9998965
5949.44971513748  1.007352
5949.46712511778  1.000526
5949.48453509807  0.9729571
5949.50194507837  0.989752
5949.51935505867  1.001929
5949.53676503896  0.9704403
5949.55417501926  0.9840633
5949.57158499956  0.9829192
5949.58899497986  0.987903
5949.60640496015  0.9729619
5949.62381494045  0.9836646
5949.64122492075  0.996955
5949.65863490104  0.9894006
5949.67604488134  0.9905809
5949.69345486164  0.9827504
5949.71086484194  1.003954
5949.72827482223  0.9992051
5949.74568480253  0.9748814
5949.76309478283  0.9810995
5949.78050476312  0.9930132
5949.79791474342  0.9679995
5949.81532472372  0.9876997
5949.83273470402  0.9855883
5949.85014468431  0.988467
5949.86755466461  0.9860134
5949.88496464491  0.9833268
5949.9023746252  1.010903
5949.9197846055  0.999936
5949.9371945858  0.9993522
5949.9546045661  0.9937264
5949.97201454639  0.9947252
5949.98942452669  0.9842844
5950.00683450699  1.00399
