5900.  0.788319
5900.01740946993  0.8444164
5900.03481893986  0.916219
5900.0522284098  0.8998562
5900.06963787973  0.8967588
5900.08704734966  0.8476345
5900.10445681959  0.8361889
5900.12186628953  0.9417751
5900.13927575946  0.9572231
5900.15668522939  1.00083
5900.17409469932  0.9819266
5900.19150416925  0.909495
5900.20891363919  0.9044604
5900.22632310912  1.004201
5900.24373257905  1.069389
5900.26114204898  1.07634
5900.27855151892  1.092009
5900.29596098885  1.090079
5900.31337045878  1.051649
5900.33077992871  1.014412
5900.34818939864  0.8760197
5900.36559886858  0.9381409
5900.38300833851  1.102
5900.40041780844  1.018883
5900.41782727837  0.9532152
5900.43523674831  0.859912
5900.45264621824  0.8638476
5900.47005568817  0.9225623
5900.4874651581  0.902081
5900.50487462804  0.9833152
5900.52228409797  1.020018
5900.5396935679  0.9969743
5900.55710303783  1.051698
5900.57451250777  1.019531
5900.5919219777  1.018368
5900.60933144763  1.014391
5900.62674091756  0.8917574
5900.64415038749  0.9409689
5900.66155985743  1.043803
5900.67896932736  1.156143
5900.69637879729  1.146828
5900.71378826722  1.087095
5900.73119773716  0.9913788
5900.74860720709  0.976673
5900.76601667702  1.029741
5900.78342614695  1.066814
5900.80083561689  1.059395
5900.81824508682  0.9900339
5900.83565455675  1.07603
5900.85306402668  1.064438
5900.87047349661  1.020125
5900.88788296655  1.060609
5900.90529243648  1.065509
5900.92270190641  1.115185
5900.94011137634  1.052414
5900.95752084628  0.9109535
5900.97493031621  0.909206
5900.99233978614  0.9577742
5901.00974925607  0.988606
5901.02715872601  1.050871
5901.04456819594  0.8777146
5901.06197766587  0.8546889
5901.0793871358  1.029202
5901.09679660573  1.114751
5901.11420607567  1.101047
5901.1316155456  0.947843
5901.14902501553  0.9665315
5901.16643448546  0.9585231
5901.1838439554  0.9533989
5901.20125342533  0.9641768
5901.21866289526  1.024771
5901.23607236519  1.102502
5901.25348183513  1.078683
5901.27089130506  0.9516089
5901.28830077499  0.9918243
5901.30571024492  1.068468
5901.32311971485  1.075508
5901.34052918479  1.004971
5901.35793865472  0.9460752
5901.37534812465  0.9711777
5901.39275759458  0.9668448
5901.41016706452  0.9683455
5901.42757653445  0.9329787
5901.44498600438  0.9044256
5901.46239547431  0.8643655
5901.47980494425  0.8169027
5901.49721441418  0.8608825
5901.51462388411  0.9178209
5901.53203335404  1.049156
5901.54944282398  1.018295
5901.56685229391  0.9128708
5901.58426176384  1.010072
5901.60167123377  1.100803
5901.6190807037  0.9810023
5901.63649017364  1.045757
5901.65389964357  1.132537
5901.6713091135  1.06007
5901.68871858343  1.022221
5901.70612805337  1.009117
5901.7235375233  1.039607
5901.74094699323  1.068422
5901.75835646316  1.076566
5901.7757659331  0.9159629
5901.79317540303  0.8153319
5901.81058487296  0.91833
5901.82799434289  0.9998999
5901.84540381283  1.094387
5901.86281328276  0.9663064
5901.88022275269  0.9218834
5901.89763222262  0.9767832
5901.91504169255  1.055535
5901.93245116249  1.00745
5901.94986063242  0.9509561
5901.96727010235  0.9889659
5901.98467957228  1.032321
5902.00208904222  1.054012
5902.01949851215  1.131453
5902.03690798208  1.086082
5902.05431745201  0.9966847
5902.07172692195  0.9720567
5902.08913639188  0.9005064
5902.10654586181  0.9875872
5902.12395533174  0.9939297
5902.14136480167  1.046006
5902.15877427161  0.9842363
5902.17618374154  0.9330182
5902.19359321147  0.9699262
5902.2110026814  0.9728304
5902.22841215134  0.979688
5902.24582162127  1.090088
5902.2632310912  1.097214
5902.28064056113  0.9663711
5902.29805003107  0.9024403
5902.315459501  0.9836837
5902.33286897093  1.002175
5902.35027844086  0.9652872
5902.3676879108  1.044899
5902.38509738073  1.102661
5902.40250685066  1.044539
5902.41991632059  0.9045829
5902.43732579052  0.89513
5902.45473526046  1.014116
5902.47214473039  1.048628
5902.48955420032  1.094189
5902.50696367025  1.153069
5902.52437314018  1.055213
5902.54178261012  1.037255
5902.55919208005  1.031807
5902.57660154998  0.9876154
5902.59401101991  1.017745
5902.61142048985  0.9358975
5902.62882995978  0.9678339
5902.64623942971  0.9698726
5902.66364889964  0.9692112
5902.68105836958  1.007972
5902.69846783951  0.9856393
5902.71587730944  0.9908827
5902.73328677937  0.9570029
5902.7506962493  0.8967659
5902.76810571924  1.000904
5902.78551518917  1.080737
5902.8029246591  1.056388
5902.82033412903  1.062101
5902.83774359897  1.072783
5902.8551530689  1.000906
5902.87256253883  1.061634
5902.88997200876  1.125389
5902.9073814787  1.00607
5902.92479094863  0.9852197
5902.94220041856  0.9981171
5902.95960988849  0.9211939
5902.97701935843  0.9647573
5902.99442882836  0.9723011
5903.01183829829  0.9860837
5903.02924776822  1.014483
5903.04665723815  1.033373
5903.06406670809  1.113724
5903.08147617802  1.153915
5903.09888564795  1.193266
5903.11629511788  1.096231
5903.13370458781  1.127555
5903.15111405775  1.113447
5903.16852352768  1.06223
5903.18593299761  0.9561565
5903.20334246754  0.9443583
5903.22075193748  0.9643193
5903.23816140741  0.9403676
5903.25557087734  1.017284
5903.27298034727  1.132783
5903.29038981721  1.090577
5903.30779928714  1.042951
5903.32520875707  1.044841
5903.342618227  0.9774099
5903.36002769694  0.9580932
5903.37743716687  1.015285
5903.3948466368  0.9579918
5903.41225610673  1.021851
5903.42966557667  0.97369
5903.4470750466  0.8862997
5903.46448451653  0.9683095
5903.48189398646  0.9987426
5903.49930345639  0.952217
5903.51671292633  1.021813
5903.53412239626  1.00733
5903.55153186619  0.9352763
5903.56894133612  1.102701
5903.58635080606  1.156474
5903.60376027599  1.003582
5903.62116974592  0.9580661
5903.63857921585  1.012099
5903.65598868578  1.018242
5903.67339815572  0.9975027
5903.69080762565  1.027516
5903.70821709558  1.030875
5903.72562656551  0.9815289
5903.74303603545  0.9634591
5903.76044550538  0.9155379
5903.77785497531  0.8770059
5903.79526444524  0.9335361
5903.81267391518  0.9516197
5903.83008338511  0.9484176
5903.84749285504  0.9749999
5903.86490232497  0.963572
5903.88231179491  0.943091
5903.89972126484  0.9605729
5903.91713073477  0.924336
5903.9345402047  1.033423
5903.95194967463  0.9316998
5903.96935914457  0.8185243
5903.9867686145  0.9335685
5904.00417808443  1.065624
5904.02158755436  1.019503
5904.0389970243  0.9140679
5904.05640649423  0.9184462
5904.07381596416  0.9408607
5904.09122543409  0.8590502
5904.10863490403  0.9247149
5904.12604437396  1.04793
5904.14345384389  0.9424866
5904.16086331382  0.8885267
5904.17827278375  0.9044508
5904.19568225369  0.9952646
5904.21309172362  0.9866188
5904.23050119355  0.9995311
5904.24791066348  0.9862229
5904.26532013342  0.9589452
5904.28272960335  0.946696
5904.30013907328  0.941031
5904.31754854321  1.022757
5904.33495801315  1.031088
5904.35236748308  1.035249
5904.36977695301  1.018708
5904.38718642294  0.9111125
5904.40459589288  0.9376321
5904.42200536281  1.052911
5904.43941483274  0.9868048
5904.45682430267  1.045401
5904.4742337726  1.057291
5904.49164324254  0.9759824
5904.50905271247  1.064335
5904.5264621824  1.102865
5904.54387165233  1.02589
5904.56128112227  0.9976342
5904.5786905922  1.069222
5904.59610006213  0.9830858
5904.61350953206  0.9453583
5904.630919002  1.017762
5904.64832847193  0.9181088
5904.66573794186  0.9014329
5904.68314741179  0.9614466
5904.70055688172  0.9940573
5904.71796635166  1.010169
5904.73537582159  0.9588945
5904.75278529152  0.9827453
5904.77019476145  1.004342
5904.78760423139  1.036018
5904.80501370132  0.973398
5904.82242317125  1.020307
5904.83983264118  0.9458289
5904.85724211112  0.9921849
5904.87465158105  1.00351
5904.89206105098  0.9483328
5904.90947052091  0.9072596
5904.92687999084  0.9072727
5904.94428946078  1.028893
5904.96169893071  1.028314
5904.97910840064  0.9671044
5904.99651787057  1.075224
5905.01392734051  1.055112
5905.03133681044  0.9607869
5905.04874628037  1.007946
5905.0661557503  1.076869
5905.08356522024  1.033942
5905.10097469017  0.9676052
5905.1183841601  0.9433244
5905.13579363003  0.8630921
5905.15320309997  0.9877192
5905.1706125699  0.9778964
5905.18802203983  0.9406376
5905.20543150976  1.031696
5905.22284097969  1.040577
5905.24025044963  1.059041
5905.25765991956  0.9509705
5905.27506938949  0.9154748
5905.29247885942  1.029451
5905.30988832935  1.13827
5905.32729779929  1.116177
5905.34470726922  0.9722996
5905.36211673915  0.9388573
5905.37952620909  0.953887
5905.39693567902  1.072784
5905.41434514895  1.032113
5905.43175461888  0.9739816
5905.44916408881  0.9355068
5905.46657355875  0.9471575
5905.48398302868  1.031244
5905.50139249861  0.9606649
5905.51880196854  0.9414087
5905.53621143848  1.007837
5905.55362090841  0.9680362
5905.57103037834  0.9645083
5905.58843984827  0.9984446
5905.60584931821  0.9697022
5905.62325878814  0.98426
5905.64066825807  1.04531
5905.658077728  1.082237
5905.67548719794  1.051937
5905.69289666787  0.9977425
5905.7103061378  0.9800714
5905.72771560773  1.016143
5905.74512507766  1.02315
5905.7625345476  1.056128
5905.77994401753  1.08369
5905.79735348746  1.093756
5905.81476295739  1.034774
5905.83217242732  1.011675
5905.84958189726  0.952782
5905.86699136719  1.088779
5905.88440083712  1.134123
5905.90181030705  1.019393
5905.91921977699  1.028718
5905.93662924692  1.033944
5905.95403871685  0.9912383
5905.97144818678  1.007308
5905.98885765672  1.028187
5906.00626712665  1.036781
5906.02367659658  1.041634
5906.04108606651  0.9663294
5906.05849553645  0.9897758
5906.07590500638  1.05485
5906.09331447631  1.033548
5906.11072394624  1.134975
5906.12813341618  1.181989
5906.14554288611  1.104753
5906.16295235604  1.093899
5906.18036182597  1.066699
5906.1977712959  0.9922797
5906.21518076584  1.041361
5906.23259023577  1.001271
5906.2499997057  0.995132
5906.26740917563  1.015864
5906.28481864557  0.9105077
5906.3022281155  0.7421663
5906.31963758543  0.7787702
5906.33704705536  1.004481
5906.35445652529  1.038014
5906.37186599523  1.018676
5906.38927546516  1.004073
5906.40668493509  0.9752626
5906.42409440502  1.082359
5906.44150387496  1.072868
5906.45891334489  1.021009
5906.47632281482  0.987681
5906.49373228475  0.9981973
5906.51114175468  1.054367
5906.52855122462  1.043444
5906.54596069455  0.9929026
5906.56337016448  0.9779991
5906.58077963442  0.9737004
5906.59818910435  0.962521
5906.61559857428  1.004542
5906.63300804421  1.023097
5906.65041751415  0.9662225
5906.66782698408  0.9682542
5906.68523645401  1.036549
5906.70264592394  1.020349
5906.72005539387  0.9843236
5906.73746486381  1.070949
5906.75487433374  1.078766
5906.77228380367  1.042796
5906.7896932736  1.028994
5906.80710274354  1.093697
5906.82451221347  1.03504
5906.8419216834  1.003204
5906.85933115333  1.066625
5906.87674062326  1.026579
5906.8941500932  1.025522
5906.91155956313  1.079888
5906.92896903306  1.081186
5906.94637850299  1.064911
5906.96378797293  1.019239
5906.98119744286  0.9538925
5906.99860691279  0.9669334
5907.01601638272  1.006971
5907.03342585266  0.941256
5907.05083532259  0.9178041
5907.06824479252  0.9229996
5907.08565426245  0.9775586
5907.10306373238  1.022787
5907.12047320232  0.9571179
5907.13788267225  0.9309816
5907.15529214218  0.9938551
5907.17270161211  0.9207321
5907.19011108205  0.8693966
5907.20752055198  0.9433187
5907.22493002191  0.9544863
5907.24233949184  0.9880177
5907.25974896178  1.038235
5907.27715843171  0.9996381
5907.29456790164  0.9768856
5907.31197737157  0.9459042
5907.3293868415  0.8995532
5907.34679631144  0.9854741
5907.36420578137  1.07695
5907.3816152513  0.984609
5907.39902472123  0.8937272
5907.41643419117  0.9103614
5907.4338436611  1.042739
5907.45125313103  0.9758496
5907.46866260096  0.9555383
5907.48607207089  0.9880785
5907.50348154083  0.9661078
5907.52089101076  0.9707059
5907.53830048069  0.9530711
5907.55570995062  0.9964873
5907.57311942056  0.9343897
5907.59052889049  0.939575
5907.60793836042  0.9903198
5907.62534783035  0.9950634
5907.64275730029  0.9525403
5907.66016677022  0.9002516
5907.67757624015  0.9195012
5907.69498571008  1.057917
5907.71239518002  1.048889
5907.72980464995  0.9447153
5907.74721411988  0.9026902
5907.76462358981  0.9385805
5907.78203305974  0.9689019
5907.79944252968  0.9681135
5907.81685199961  1.009914
5907.83426146954  1.0919
5907.85167093947  0.9906726
5907.86908040941  0.917136
5907.88648987934  0.9074856
5907.90389934927  0.9492007
5907.9213088192  1.001478
5907.93871828914  0.9091811
5907.95612775907  0.9400666
5907.973537229  1.031002
5907.99094669893  1.059032
5908.00835616886  1.002083
5908.0257656388  0.9434339
5908.04317510873  0.9603637
5908.06058457866  1.085298
5908.07799404859  1.106645
5908.09540351853  0.9989001
5908.11281298846  1.011444
5908.13022245839  1.086481
5908.14763192832  1.067731
5908.16504139826  1.053625
5908.18245086819  1.086519
5908.19986033812  1.049271
5908.21726980805  1.089039
5908.23467927798  1.013929
5908.25208874792  1.008623
5908.26949821785  0.9879434
5908.28690768778  0.9268674
5908.30431715771  0.9383478
5908.32172662765  1.010237
5908.33913609758  1.10545
5908.35654556751  1.061634
5908.37395503744  1.050046
5908.39136450738  1.00492
5908.40877397731  0.8334152
5908.42618344724  0.9053429
5908.44359291717  1.06883
5908.46100238711  1.085379
5908.47841185704  1.063172
5908.49582132697  1.041173
5908.5132307969  0.9084095
5908.53064026683  0.9081869
5908.54804973677  1.039364
5908.5654592067  1.052267
5908.58286867663  1.042477
5908.60027814656  1.04259
5908.6176876165  0.9561949
5908.63509708643  0.9340228
5908.65250655636  1.013496
5908.66991602629  1.045866
5908.68732549623  1.055823
5908.70473496616  1.08132
5908.72214443609  1.058357
5908.73955390602  1.060977
5908.75696337595  1.063568
5908.77437284589  1.074019
5908.79178231582  1.04719
5908.80919178575  0.9639837
5908.82660125568  0.9801016
5908.84401072562  1.012817
5908.86142019555  0.9442171
5908.87882966548  0.9142802
5908.89623913541  0.9393917
5908.91364860535  0.9799126
5908.93105807528  1.081494
5908.94846754521  1.062322
5908.96587701514  0.9702339
5908.98328648508  0.9540058
5909.00069595501  0.9704089
5909.01810542494  0.9067464
5909.03551489487  0.8617851
5909.0529243648  0.8590411
5909.07033383474  1.005538
5909.08774330467  1.001917
5909.1051527746  0.9289861
5909.12256224453  0.9001429
5909.13997171447  0.8773746
5909.1573811844  0.919783
5909.17479065433  0.9498956
5909.19220012426  0.9762884
5909.2096095942  1.01425
5909.22701906413  1.065596
5909.24442853406  1.067484
5909.26183800399  1.085664
5909.27924747392  0.9591431
5909.29665694386  0.8600582
5909.31406641379  0.8831406
5909.33147588372  0.9256316
5909.34888535365  1.008969
5909.36629482359  1.072994
5909.38370429352  1.054442
5909.40111376345  1.00556
5909.41852323338  0.9803488
5909.43593270332  0.9887593
5909.45334217325  0.9654278
5909.47075164318  0.9400991
5909.48816111311  0.9500774
5909.50557058305  0.90136
5909.52298005298  0.8794111
5909.54038952291  1.010709
5909.55779899284  1.047676
5909.57520846277  1.039004
5909.59261793271  0.9977054
5909.61002740264  1.023709
5909.62743687257  1.046459
5909.6448463425  0.9428712
5909.66225581243  0.9609376
5909.67966528237  1.012985
5909.6970747523  1.056247
5909.71448422223  1.023733
5909.73189369216  0.9916077
5909.7493031621  1.066265
5909.76671263203  1.075374
5909.78412210196  1.058503
5909.80153157189  0.9388059
5909.81894104183  0.9404154
5909.83635051176  0.9108538
5909.85375998169  1.002558
5909.87116945162  1.086875
5909.88857892156  1.018802
5909.90598839149  1.013909
5909.92339786142  0.9520404
5909.94080733135  0.9117001
5909.95821680128  0.9349771
5909.97562627122  1.055925
5909.99303574115  1.124636
5910.01044521108  1.117262
5910.02785468101  1.010107
5910.04526415095  0.9676614
5910.06267362088  1.001034
5910.08008309081  0.9801018
5910.09749256074  0.9189717
5910.11490203068  0.8962466
5910.13231150061  0.9777029
5910.14972097054  1.014781
5910.16713044047  1.028584
5910.1845399104  0.9838993
5910.20194938034  1.036281
5910.21935885027  1.069902
5910.2367683202  1.060602
5910.25417779013  1.003609
5910.27158726007  1.065098
5910.28899673  1.027426
5910.30640619993  0.9543723
5910.32381566986  1.050326
5910.34122513979  1.026454
5910.35863460973  0.8952823
5910.37604407966  0.8272364
5910.39345354959  0.8806909
5910.41086301952  0.9482266
5910.42827248946  0.8983158
5910.44568195939  0.9800683
5910.46309142932  1.093785
5910.48050089925  0.9946777
5910.49791036919  0.9972563
5910.51531983912  1.046788
5910.53272930905  1.053103
5910.55013877898  1.014173
5910.56754824892  1.024598
5910.58495771885  1.15249
5910.60236718878  1.122114
5910.61977665871  1.087277
5910.63718612864  1.065298
5910.65459559858  1.024159
5910.67200506851  0.962931
5910.68941453844  0.9956161
5910.70682400837  0.9234371
5910.72423347831  0.8168378
5910.74164294824  0.9630962
5910.75905241817  1.020452
5910.7764618881  1.00351
5910.79387135803  0.9899161
5910.81128082797  1.008314
5910.8286902979  1.034367
5910.84609976783  0.9148123
5910.86350923776  0.9062909
5910.8809187077  0.9327007
5910.89832817763  0.9199087
5910.91573764756  0.9338689
5910.93314711749  0.9942476
5910.95055658743  1.049797
5910.96796605736  1.061553
5910.98537552729  1.052001
5911.00278499722  1.079637
5911.02019446716  1.109101
5911.03760393709  1.120803
5911.05501340702  1.007106
5911.07242287695  0.9501505
5911.08983234688  0.9659129
5911.10724181682  1.013597
5911.12465128675  0.9465687
5911.14206075668  0.9048746
5911.15947022661  0.9644626
5911.17687969655  1.035581
5911.19428916648  1.055268
5911.21169863641  1.02127
5911.22910810634  1.002708
5911.24651757628  1.045037
5911.26392704621  1.046997
5911.28133651614  1.004024
5911.29874598607  0.97861
5911.31615545601  1.055702
5911.33356492594  1.015858
5911.35097439587  0.9452617
5911.3683838658  1.003252
5911.38579333573  0.9871765
5911.40320280567  0.9552191
5911.4206122756  0.97619
5911.43802174553  0.9603189
5911.45543121546  0.9327469
5911.4728406854  1.006184
5911.49025015533  1.070102
5911.50765962526  1.094537
5911.52506909519  1.009725
5911.54247856513  1.024421
5911.55988803506  1.044118
5911.57729750499  1.030344
5911.59470697492  1.038579
5911.61211644485  1.038726
5911.62952591479  1.078939
5911.64693538472  0.9980822
5911.66434485465  0.910373
5911.68175432458  0.8823651
5911.69916379452  0.9648995
5911.71657326445  1.052122
5911.73398273438  1.003396
5911.75139220431  0.9590737
5911.76880167425  0.9803591
5911.78621114418  1.008083
5911.80362061411  1.070322
5911.82103008404  1.091363
5911.83843955397  1.068267
5911.85584902391  1.022539
5911.87325849384  1.00332
5911.89066796377  0.9942873
5911.9080774337  1.031279
5911.92548690364  1.053783
5911.94289637357  1.039794
5911.9603058435  1.02746
5911.97771531343  0.9972541
5911.99512478337  0.9020764
5912.0125342533  1.017966
5912.02994372323  1.112821
5912.04735319316  1.061687
5912.06476266309  1.00821
5912.08217213303  1.035096
5912.09958160296  1.048401
5912.11699107289  1.052567
5912.13440054282  1.079787
5912.15181001276  1.037097
5912.16921948269  1.00092
5912.18662895262  1.021475
5912.20403842255  1.03675
5912.22144789249  1.001036
5912.23885736242  1.002746
5912.25626683235  0.9593347
5912.27367630228  1.005331
5912.29108577222  1.036355
5912.30849524215  1.000292
5912.32590471208  0.9040079
5912.34331418201  0.9254478
5912.36072365194  1.008762
5912.37813312188  1.009416
5912.39554259181  1.036238
5912.41295206174  1.098106
5912.43036153167  0.9916542
5912.44777100161  1.005592
5912.46518047154  1.090834
5912.48258994147  1.112589
5912.4999994114  1.062669
5912.51740888134  0.9632139
5912.53481835127  1.008025
5912.5522278212  1.025028
5912.56963729113  1.003568
5912.58704676106  1.076379
5912.604456231  1.043535
5912.62186570093  0.9727411
5912.63927517086  0.9526083
5912.65668464079  0.945626
5912.67409411073  0.9571296
5912.69150358066  1.055292
5912.70891305059  1.085411
5912.72632252052  1.075074
5912.74373199046  1.041839
5912.76114146039  1.08346
5912.77855093032  1.077374
5912.79596040025  1.035924
5912.81336987019  1.069032
5912.83077934012  0.9643772
5912.84818881005  0.9314762
5912.86559827998  0.9187632
5912.88300774991  0.934512
5912.90041721985  0.9017801
5912.91782668978  0.9011877
5912.93523615971  0.980278
5912.95264562964  1.07184
5912.97005509957  0.9872527
5912.98746456951  0.8955926
5913.00487403944  0.93679
5913.02228350937  0.899861
5913.0396929793  0.8830537
5913.05710244924  0.8809931
5913.07451191917  0.9277707
5913.0919213891  0.9705729
5913.10933085904  0.9785315
5913.12674032897  1.057536
5913.1441497989  1.071055
5913.16155926883  1.034232
5913.17896873876  1.07116
5913.1963782087  1.037611
5913.21378767863  0.9596739
5913.23119714856  1.048046
5913.24860661849  1.056958
5913.26601608843  1.005887
5913.28342555836  1.039194
5913.30083502829  1.054604
5913.31824449822  1.045117
5913.33565396816  0.9347682
5913.35306343809  0.9651356
5913.37047290802  1.085727
5913.38788237795  1.096009
5913.40529184788  1.117562
5913.42270131782  1.123254
5913.44011078775  0.9827754
5913.45752025768  1.011024
5913.47492972761  1.102049
5913.49233919754  1.040635
5913.50974866748  1.015157
5913.52715813741  1.037833
5913.54456760734  1.044186
5913.56197707727  1.035167
5913.57938654721  0.9937034
5913.59679601714  0.9165987
5913.61420548707  0.9739664
5913.631614957  1.030621
5913.64902442694  1.045133
5913.66643389687  0.9405997
5913.6838433668  0.9209291
5913.70125283673  0.9744471
5913.71866230667  0.993004
5913.7360717766  0.9792188
5913.75348124653  0.9577452
5913.77089071646  1.016411
5913.7883001864  1.038289
5913.80570965633  1.087728
5913.82311912626  1.034418
5913.84052859619  1.006533
5913.85793806612  1.02078
5913.87534753606  1.051244
5913.89275700599  1.044507
5913.91016647592  1.025378
5913.92757594585  0.9675902
5913.94498541579  0.9464294
5913.96239488572  0.9390758
5913.97980435565  0.9994806
5913.99721382558  0.993238
5914.01462329551  0.924388
5914.03203276545  0.9501756
5914.04944223538  0.9934726
5914.06685170531  0.9628733
5914.08426117524  0.9389698
5914.10167064518  0.9546404
5914.11908011511  0.9137028
5914.13648958504  0.8920336
5914.15389905497  0.8833116
5914.17130852491  0.9113169
5914.18871799484  1.055744
5914.20612746477  1.06723
5914.2235369347  1.018555
5914.24094640463  1.058936
5914.25835587457  0.9886732
5914.2757653445  0.927234
5914.29317481443  0.9260349
5914.31058428436  0.9985276
5914.3279937543  1.033485
5914.34540322423  1.013283
5914.36281269416  0.9760534
5914.38022216409  0.9736845
5914.39763163403  1.000386
5914.41504110396  0.9805519
5914.43245057389  1.017964
5914.44986004382  1.087218
5914.46726951375  0.9672031
5914.48467898369  0.9300011
5914.50208845362  0.9966956
5914.51949792355  1.007609
5914.53690739348  0.995078
5914.55431686342  0.9712155
5914.57172633335  1.02038
5914.58913580328  1.017118
5914.60654527321  0.9938285
5914.62395474315  1.044141
5914.64136421308  1.042806
5914.65877368301  1.023143
5914.67618315294  1.037513
5914.69359262287  1.00545
5914.71100209281  0.960971
5914.72841156274  0.9908959
5914.74582103267  1.03078
5914.7632305026  0.9816226
5914.78063997254  0.8378338
5914.79804944247  0.8880435
5914.8154589124  0.9518731
5914.83286838233  0.9793416
5914.85027785227  1.048797
5914.8676873222  0.9866974
5914.88509679213  0.8405367
5914.90250626206  1.059063
5914.91991573199  1.151908
5914.93732520193  1.068616
5914.95473467186  0.9647125
5914.97214414179  0.9658458
5914.98955361172  1.014947
5915.00696308166  1.007066
5915.02437255159  0.9588232
5915.04178202152  0.9738222
5915.05919149145  0.9909795
5915.07660096139  0.9659196
5915.09401043132  0.951874
5915.11141990125  0.9504894
5915.12882937118  0.9530996
5915.14623884111  0.9688283
5915.16364831105  1.019517
5915.18105778098  1.031696
5915.19846725091  1.032943
5915.21587672084  1.045761
5915.23328619078  1.038436
5915.25069566071  1.04486
5915.26810513064  1.141437
5915.28551460057  1.058436
5915.30292407051  1.016528
5915.32033354044  1.08514
5915.33774301037  1.060496
5915.3551524803  1.013479
5915.37256195023  0.9629923
5915.38997142017  0.928065
5915.4073808901  0.929803
5915.42479036003  0.93384
5915.44219982996  1.067557
5915.4596092999  1.034009
5915.47701876983  0.9161072
5915.49442823976  0.8952841
5915.51183770969  0.9348399
5915.52924717963  0.9631718
5915.54665664956  1.057468
5915.56406611949  0.9937075
5915.58147558942  0.9132664
5915.59888505936  0.8791684
5915.61629452929  0.8997123
5915.63370399922  0.9705844
5915.65111346915  1.108244
5915.66852293908  1.074407
5915.68593240902  1.025646
5915.70334187895  1.046687
5915.72075134888  0.9745692
5915.73816081881  0.9444047
5915.75557028875  0.9787993
5915.77297975868  1.053046
5915.79038922861  1.060726
5915.80779869854  0.9616267
5915.82520816848  0.9607742
5915.84261763841  0.992305
5915.86002710834  0.9936693
5915.87743657827  0.8918941
5915.8948460482  0.8164871
5915.91225551814  0.8048797
5915.92966498807  0.9639246
5915.947074458  0.9828144
5915.96448392793  0.9227139
5915.98189339787  0.9872692
5915.9993028678  0.9163725
5916.01671233773  0.8480078
5916.03412180766  0.9969385
5916.0515312776  1.130489
5916.06894074753  1.122381
5916.08635021746  1.066677
5916.10375968739  1.024234
5916.12116915733  1.054469
5916.13857862726  1.129733
5916.15598809719  1.119434
5916.17339756712  1.071871
5916.19080703705  1.014602
5916.20821650699  1.020102
5916.22562597692  1.012962
5916.24303544685  0.9898786
5916.26044491678  0.8698946
5916.27785438672  0.8923865
5916.29526385665  0.962193
5916.31267332658  0.9514436
5916.33008279651  1.027294
5916.34749226645  1.077436
5916.36490173638  1.004287
5916.38231120631  0.9780808
5916.39972067624  1.001941
5916.41713014618  1.01875
5916.43453961611  0.9975585
5916.45194908604  0.9970045
5916.46935855597  1.081463
5916.4867680259  0.9760107
5916.50417749584  0.8858718
5916.52158696577  0.9143803
5916.5389964357  0.9892014
5916.55640590563  1.015145
5916.57381537557  0.9958887
5916.5912248455  0.9552531
5916.60863431543  0.9843724
5916.62604378536  1.054845
5916.6434532553  1.01965
5916.66086272523  0.9497868
5916.67827219516  0.953927
5916.69568166509  0.9896428
5916.71309113502  1.041116
5916.73050060496  1.041812
5916.74791007489  1.001618
5916.76531954482  1.000259
5916.78272901475  1.024518
5916.80013848469  1.050259
5916.81754795462  1.012018
5916.83495742455  0.9992279
5916.85236689448  1.068338
5916.86977636442  1.013319
5916.88718583435  0.9565243
5916.90459530428  0.942523
5916.92200477421  0.9397439
5916.93941424414  0.9676561
5916.95682371408  0.957981
5916.97423318401  0.9646233
5916.99164265394  0.997313
5917.00905212387  1.000571
5917.02646159381  0.9858958
5917.04387106374  0.9361269
5917.06128053367  0.9169732
5917.0786900036  1.007473
5917.09609947353  1.036037
5917.11350894347  1.011547
5917.1309184134  0.9346016
5917.14832788333  0.8498863
5917.16573735326  0.8617298
5917.1831468232  0.9674041
5917.20055629313  1.015674
5917.21796576306  1.032443
5917.23537523299  1.058449
5917.25278470293  1.086095
5917.27019417286  1.006423
5917.28760364279  0.9613958
5917.30501311272  1.056922
5917.32242258265  1.021008
5917.33983205259  1.015388
5917.35724152252  1.058059
5917.37465099245  1.029512
5917.39206046238  1.006618
5917.40946993232  0.9531867
5917.42687940225  0.9094465
5917.44428887218  0.9115838
5917.46169834211  0.9754103
5917.47910781205  0.9348628
5917.49651728198  0.8922647
5917.51392675191  0.9213977
5917.53133622184  1.007509
5917.54874569177  1.024386
5917.56615516171  1.000411
5917.58356463164  0.9859971
5917.60097410157  0.9543063
5917.6183835715  0.9113769
5917.63579304144  0.9731007
5917.65320251137  1.033784
5917.6706119813  1.001912
5917.68802145123  0.952895
5917.70543092117  0.9147059
5917.7228403911  0.9458342
5917.74024986103  0.9707509
5917.75765933096  0.9627885
5917.77506880089  0.934163
5917.79247827083  0.8480105
5917.80988774076  0.9343135
5917.82729721069  1.006291
5917.84470668062  0.9909889
5917.86211615056  0.9518815
5917.87952562049  0.9338627
5917.89693509042  0.9639212
5917.91434456035  0.957078
5917.93175403029  0.9818044
5917.94916350022  1.008653
5917.96657297015  1.006915
5917.98398244008  0.9259848
5918.00139191002  0.9134339
5918.01880137995  0.9360788
5918.03621084988  0.8841645
5918.05362031981  0.8975185
5918.07102978974  0.9694704
5918.08843925968  0.9629085
5918.10584872961  0.9636272
5918.12325819954  0.9786019
5918.14066766947  0.96365
5918.15807713941  0.9683769
5918.17548660934  0.9487722
5918.19289607927  0.9323391
5918.2103055492  0.9883429
5918.22771501914  0.9960647
5918.24512448907  0.9706855
5918.262533959  0.9205751
5918.27994342893  0.8770504
5918.29735289887  0.9012234
5918.3147623688  0.9325491
5918.33217183873  0.8987414
5918.34958130866  0.8620207
5918.36699077859  0.9010396
5918.38440024853  0.9101152
5918.40180971846  0.8740824
5918.41921918839  0.8361014
5918.43662865832  0.8402799
5918.45403812826  0.8670881
5918.47144759819  0.9528623
5918.48885706812  0.9677701
5918.50626653805  0.965762
5918.52367600798  1.049769
5918.54108547792  1.047926
5918.55849494785  0.9977679
5918.57590441778  0.9543514
5918.59331388771  0.9786395
5918.61072335765  0.9956192
5918.62813282758  0.9334812
5918.64554229751  0.8712136
5918.66295176744  0.8997909
5918.68036123738  1.003808
5918.69777070731  1.045393
5918.71518017724  0.9682707
5918.73258964717  0.9232714
5918.7499991171  0.9358206
5918.76740858704  0.9877709
5918.78481805697  1.006211
5918.8022275269  1.019283
5918.81963699683  0.996321
5918.83704646677  0.9936058
5918.8544559367  0.9669578
5918.87186540663  0.9976056
5918.88927487656  1.017358
5918.9066843465  0.9963682
5918.92409381643  0.9111096
5918.94150328636  0.8690087
5918.95891275629  0.8944351
5918.97632222622  0.927229
5918.99373169616  0.965315
5919.01114116609  0.9688938
5919.02855063602  0.9555258
5919.04596010595  0.854926
5919.06336957589  0.8326114
5919.08077904582  0.9307621
5919.09818851575  0.9128087
5919.11559798568  0.8932514
5919.13300745562  0.9350957
5919.15041692555  0.9782639
5919.16782639548  0.9588537
5919.18523586541  0.8992139
5919.20264533534  0.8570197
5919.22005480528  0.9393641
5919.23746427521  1.003643
5919.25487374514  0.9541926
5919.27228321507  1.012267
5919.28969268501  1.060596
5919.30710215494  1.036439
5919.32451162487  0.9653777
5919.3419210948  0.9173583
5919.35933056474  0.9158729
5919.37674003467  0.9145208
5919.3941495046  0.9307939
5919.41155897453  0.9758062
5919.42896844447  1.045168
5919.4463779144  1.040919
5919.46378738433  0.9933178
5919.48119685426  0.9599132
5919.49860632419  0.9779977
5919.51601579413  1.036374
5919.53342526406  1.140801
5919.55083473399  1.017518
5919.56824420392  0.8975362
5919.58565367386  0.8760254
5919.60306314379  0.9313228
5919.62047261372  0.899138
5919.63788208365  0.8499871
5919.65529155359  0.8388704
5919.67270102352  0.879518
5919.69011049345  0.9159949
5919.70751996338  0.8612796
5919.72492943332  0.9301569
5919.74233890325  0.9817599
5919.75974837318  0.8884771
5919.77715784311  0.9615468
5919.79456731304  0.9464183
5919.81197678298  0.9084311
5919.82938625291  0.9327353
5919.84679572284  0.9778671
5919.86420519277  0.9787205
5919.88161466271  0.9749432
5919.89902413264  0.9647982
5919.91643360257  0.9071227
5919.9338430725  0.9114831
5919.95125254244  0.9331032
5919.96866201237  0.9252797
5919.9860714823  0.8830462
5920.00348095223  0.9266154
5920.02089042216  0.9781811
5920.0382998921  0.965655
5920.05570936203  0.9057999
5920.07311883196  0.9310993
5920.09052830189  0.9621789
5920.10793777182  0.9543179
5920.12534724176  0.9610699
5920.14275671169  0.9356387
5920.16016618162  0.8081132
5920.17757565156  0.794898
5920.19498512149  0.8476695
5920.21239459142  0.9535861
5920.22980406135  0.8911783
5920.24721353129  0.8251761
5920.26462300122  0.8153193
5920.28203247115  0.824434
5920.29944194108  0.888718
5920.31685141101  0.9399964
5920.33426088095  0.8830115
5920.35167035088  0.9266475
5920.36907982081  0.9742625
5920.38648929074  0.8999501
5920.40389876068  0.8517121
5920.42130823061  0.8574095
5920.43871770054  0.8901592
5920.45612717047  0.8909723
5920.47353664041  0.8554899
5920.49094611034  0.8202073
5920.50835558027  0.8459218
5920.5257650502  0.7893258
5920.54317452013  0.7371048
5920.56058399007  0.8535447
5920.57799346  0.8849286
5920.59540292993  0.8774312
5920.61281239986  0.9253314
5920.63022186979  0.8968219
5920.64763133973  0.8465234
5920.66504080966  0.8305351
5920.68245027959  0.8302636
5920.69985974952  0.8541149
5920.71726921946  0.8852911
5920.73467868939  0.8001671
5920.75208815932  0.8231604
5920.76949762925  0.9088027
5920.78690709919  0.9004005
5920.80431656912  0.8638709
5920.82172603905  0.8249116
5920.83913550898  0.7564428
5920.85654497892  0.7479694
5920.87395444885  0.7538424
5920.89136391878  0.7250954
5920.90877338871  0.8229366
5920.92618285865  0.8285789
5920.94359232858  0.7778402
5920.96100179851  0.8368944
5920.97841126844  0.766273
5920.99582073837  0.6909122
5921.01323020831  0.7536772
5921.03063967824  0.7776247
5921.04804914817  0.7542359
5921.0654586181  0.7399122
5921.08286808804  0.7419453
5921.10027755797  0.7741463
5921.1176870279  0.7784262
5921.13509649783  0.7709727
5921.15250596776  0.7474293
5921.1699154377  0.7267864
5921.18732490763  0.7595152
5921.20473437756  0.7725729
5921.22214384749  0.753816
5921.23955331743  0.7357326
5921.25696278736  0.6650544
5921.27437225729  0.6382648
5921.29178172722  0.7058642
5921.30919119716  0.6804118
5921.32660066709  0.6706603
5921.34401013702  0.6973956
5921.36141960695  0.6745048
5921.37882907688  0.6999148
5921.39623854682  0.7358956
5921.41364801675  0.7434604
5921.43105748668  0.7538035
5921.44846695661  0.740562
5921.46587642655  0.7152631
5921.48328589648  0.7195927
5921.50069536641  0.7291133
5921.51810483634  0.7262368
5921.53551430628  0.7667462
5921.55292377621  0.7907509
5921.57033324614  0.7999802
5921.58774271607  0.7486454
5921.60515218601  0.7301233
5921.62256165594  0.7738466
5921.63997112587  0.826797
5921.6573805958  0.8287005
5921.67479006573  0.7742546
5921.69219953567  0.7409512
5921.7096090056  0.7433509
5921.72701847553  0.7829974
5921.74442794546  0.7790346
5921.7618374154  0.7545304
5921.77924688533  0.7824723
5921.79665635526  0.780871
5921.81406582519  0.7208889
5921.83147529512  0.8059887
5921.84888476506  0.8592472
5921.86629423499  0.8427177
5921.88370370492  0.7532768
5921.90111317485  0.8018282
5921.91852264479  0.8890811
5921.93593211472  0.8258511
5921.95334158465  0.8201252
5921.97075105458  0.8608385
5921.98816052452  0.8773733
5922.00556999445  0.7984027
5922.02297946438  0.7608585
5922.04038893431  0.7805862
5922.05779840424  0.7792736
5922.07520787418  0.8296447
5922.09261734411  0.8593051
5922.11002681404  0.7796186
5922.12743628397  0.8261686
5922.14484575391  0.8518379
5922.16225522384  0.8195215
5922.17966469377  0.848747
5922.1970741637  0.8762304
5922.21448363364  0.8712686
5922.23189310357  0.8785968
5922.2493025735  0.849696
5922.26671204343  0.7942886
5922.28412151336  0.8260853
5922.3015309833  0.8095282
5922.31894045323  0.7708781
5922.33634992316  0.7512173
5922.35375939309  0.7595906
5922.37116886303  0.7219509
5922.38857833296  0.6473249
5922.40598780289  0.7307939
5922.42339727282  0.7214414
5922.44080674276  0.6171032
5922.45821621269  0.5270123
5922.47562568262  0.4868547
5922.49303515255  0.4597942
5922.51044462248  0.4280365
5922.52785409242  0.4704219
5922.54526356235  0.4548144
5922.56267303228  0.4125168
5922.58008250222  0.361315
5922.59749197215  0.2715858
5922.61490144208  0.1708674
5922.63231091201  0.06518719
5922.64972038194  0.06363989
5922.66712985188  0.07907408
5922.68453932181  0.04767504
5922.70194879174  0.02502602
5922.71935826167  0.04494222
5922.73676773161  0.04593091
5922.75417720154  0.01722639
5922.77158667147  0.02950456
5922.7889961414  0.03684076
5922.80640561133  -0.005481745
5922.82381508127  -0.01637864
5922.8412245512  -0.009730609
5922.85863402113  0.01172148
5922.87604349106  -0.02700251
5922.893452961  -0.0205421
5922.91086243093  0.0183618
5922.92827190086  -0.003013521
5922.94568137079  0.007235286
5922.96309084073  0.02582687
5922.98050031066  0.05602118
5922.99790978059  0.02132276
5923.01531925052  0.00664615
5923.03272872046  0.04472549
5923.05013819039  0.04123418
5923.06754766032  0.03812165
5923.08495713025  0.0383436
5923.10236660018  0.02463832
5923.11977607012  0.0497146
5923.13718554005  0.1187435
5923.15459500998  0.1664449
5923.17200447991  0.212543
5923.18941394985  0.3289934
5923.20682341978  0.4826489
5923.22423288971  0.6590599
5923.24164235964  0.7794068
5923.25905182958  0.8342595
5923.27646129951  0.8602419
5923.29387076944  0.9096582
5923.31128023937  0.9412218
5923.3286897093  0.9642186
5923.34609917924  0.9657536
5923.36350864917  0.9062016
5923.3809181191  0.8289006
5923.39832758903  0.9483352
5923.41573705897  0.9605734
5923.4331465289  0.9010657
5923.45055599883  0.9162899
5923.46796546876  0.9519561
5923.4853749387  0.9855227
5923.50278440863  0.997525
5923.52019387856  0.9479291
5923.53760334849  0.8655644
5923.55501281843  0.8235375
5923.57242228836  0.8871375
5923.58983175829  0.9613491
5923.60724122822  1.001864
5923.62465069815  0.9714686
5923.64206016809  0.9334421
5923.65946963802  0.9294981
5923.67687910795  0.9274565
5923.69428857788  0.9531819
5923.71169804782  0.9586201
5923.72910751775  0.9467659
5923.74651698768  0.9655846
5923.76392645761  0.9728419
5923.78133592755  0.9456681
5923.79874539748  0.8567027
5923.81615486741  0.9369078
5923.83356433734  0.9730358
5923.85097380727  0.9126852
5923.86838327721  0.9058661
5923.88579274714  0.9230108
5923.90320221707  0.9365565
5923.920611687  0.9555294
5923.93802115694  0.9232258
5923.95543062687  0.9213907
5923.9728400968  0.9739691
5923.99024956673  0.9575471
5924.00765903667  0.9659232
5924.0250685066  1.030871
5924.04247797653  0.9646254
5924.05988744646  0.93747
5924.07729691639  0.970208
5924.09470638633  1.012256
5924.11211585626  0.9935774
5924.12952532619  0.9873179
5924.14693479612  1.028689
5924.16434426606  0.9677607
5924.18175373599  0.9759723
5924.19916320592  1.03632
5924.21657267585  0.989998
5924.23398214578  0.9257506
5924.25139161572  0.9443064
5924.26880108565  0.9865777
5924.28621055558  0.9464855
5924.30362002551  0.9421622
5924.32102949545  0.98803
5924.33843896538  1.001864
5924.35584843531  1.017693
5924.37325790524  0.9952887
5924.39066737518  0.9987235
5924.40807684511  1.020807
5924.42548631504  1.023726
5924.44289578497  1.012959
5924.4603052549  1.062944
5924.47771472484  1.053723
5924.49512419477  1.011494
5924.5125336647  1.0067
5924.52994313464  1.00928
5924.54735260457  1.014642
5924.5647620745  1.050475
5924.58217154443  1.0172
5924.59958101436  1.005332
5924.6169904843  1.035838
5924.63439995423  0.9946543
5924.65180942416  1.004271
5924.66921889409  1.024883
5924.68662836402  0.9695947
5924.70403783396  0.980281
5924.72144730389  1.044784
5924.73885677382  1.098661
5924.75626624375  1.044653
5924.77367571369  0.9821258
5924.79108518362  0.9833191
5924.80849465355  1.016407
5924.82590412348  1.132628
5924.84331359342  1.146055
5924.86072306335  1.108113
5924.87813253328  1.01615
5924.89554200321  0.9418741
5924.91295147315  0.9235387
5924.93036094308  0.9769552
5924.94777041301  0.9409834
5924.96517988294  0.9157671
5924.98258935287  0.9658622
5924.99999882281  0.9310218
5925.01740829274  0.928996
5925.03481776267  0.89797
5925.0522272326  0.9281392
5925.06963670254  0.9273918
5925.08704617247  0.9316181
5925.1044556424  0.9517303
5925.12186511233  0.9299465
5925.13927458227  0.954824
5925.1566840522  0.8991131
5925.17409352213  0.9741486
5925.19150299206  0.9914527
5925.20891246199  0.9288724
5925.22632193193  0.9691572
5925.24373140186  0.9948033
5925.26114087179  0.9817341
5925.27855034172  0.9871074
5925.29595981166  0.9658031
5925.31336928159  0.9411551
5925.33077875152  0.9520054
5925.34818822145  0.9132844
5925.36559769139  0.856764
5925.38300716132  0.8892955
5925.40041663125  0.9571042
5925.41782610118  1.073219
5925.43523557112  1.055643
5925.45264504105  0.9678867
5925.47005451098  0.984454
5925.48746398091  1.000238
5925.50487345084  0.9866576
5925.52228292078  1.009414
5925.53969239071  1.012726
5925.55710186064  0.9954876
5925.57451133057  0.9848386
5925.59192080051  0.9460543
5925.60933027044  0.9573755
5925.62673974037  0.9954927
5925.6441492103  1.025959
5925.66155868023  0.9787219
5925.67896815017  0.899362
5925.6963776201  0.8284624
5925.71378709003  0.9448334
5925.73119655996  1.007225
5925.7486060299  1.039622
5925.76601549983  1.148371
5925.78342496976  1.010663
5925.80083443969  0.8645398
5925.81824390963  0.9171589
5925.83565337956  0.9937629
5925.85306284949  0.9729837
5925.87047231942  0.9573058
5925.88788178936  0.9976335
5925.90529125929  0.9713749
5925.92270072922  0.9540923
5925.94011019915  1.001951
5925.95751966909  0.9976053
5925.97492913902  0.939782
5925.99233860895  0.935966
5926.00974807888  0.9546687
5926.02715754881  0.9321214
5926.04456701875  0.9005065
5926.06197648868  0.8212708
5926.07938595861  0.8926954
5926.09679542854  0.9761748
5926.11420489847  0.9687589
5926.13161436841  0.8986483
5926.14902383834  0.9014643
5926.16643330827  0.9370224
5926.1838427782  0.8481961
5926.20125224814  0.9342984
5926.21866171807  0.995179
5926.236071188  0.9369422
5926.25348065793  0.9332738
5926.27089012787  0.9638767
5926.2882995978  0.9761611
5926.30570906773  0.9065547
5926.32311853766  0.9276148
5926.3405280076  0.9850558
5926.35793747753  1.004235
5926.37534694746  0.931554
5926.39275641739  0.8891091
5926.41016588732  0.8992746
5926.42757535726  0.8735221
5926.44498482719  0.9641299
5926.46239429712  1.011157
5926.47980376705  1.021096
5926.49721323699  0.992487
5926.51462270692  0.9125697
5926.53203217685  0.893452
5926.54944164678  0.9288833
5926.56685111672  0.9387947
5926.58426058665  0.9375659
5926.60167005658  0.8983001
5926.61907952651  0.9369519
5926.63648899644  0.9468753
5926.65389846638  0.9230009
5926.67130793631  0.9423088
5926.68871740624  0.9802076
5926.70612687617  0.9408043
5926.72353634611  0.8338801
5926.74094581604  0.9469236
5926.75835528597  0.98321
5926.7757647559  0.9002663
5926.79317422584  0.8229817
5926.81058369577  0.849232
5926.8279931657  0.8385693
5926.84540263563  0.7756576
5926.86281210557  0.8222424
5926.8802215755  0.8804911
5926.89763104543  0.9059839
5926.91504051536  0.9142258
5926.93244998529  0.8850899
5926.94985945523  0.8500393
5926.96726892516  0.8446459
5926.98467839509  0.8836756
5927.00208786502  0.8569766
5927.01949733496  0.8410648
5927.03690680489  0.8770005
5927.05431627482  0.8720968
5927.07172574475  0.8322667
5927.08913521469  0.8110623
5927.10654468462  0.8132318
5927.12395415455  0.847052
5927.14136362448  0.8759145
5927.15877309441  0.826161
5927.17618256435  0.8117391
5927.19359203428  0.8005743
5927.21100150421  0.7470285
5927.22841097414  0.8542694
5927.24582044408  0.8636973
5927.26322991401  0.8077369
5927.28063938394  0.7809951
5927.29804885387  0.8201136
5927.31545832381  0.8193597
5927.33286779374  0.7518267
5927.35027726367  0.8028818
5927.3676867336  0.8537926
5927.38509620354  0.8415207
5927.40250567347  0.8019643
5927.4199151434  0.8477266
5927.43732461333  0.8615455
5927.45473408326  0.8167191
5927.4721435532  0.7995161
5927.48955302313  0.8369581
5927.50696249306  0.8513567
5927.52437196299  0.8475996
5927.54178143293  0.8361766
5927.55919090286  0.9091266
5927.57660037279  1.021128
5927.59400984272  0.9290125
5927.61141931266  0.8171566
5927.62882878259  0.7915675
5927.64623825252  0.8254752
5927.66364772245  0.7984084
5927.68105719238  0.8548529
5927.69846666232  0.9725941
5927.71587613225  0.9371153
5927.73328560218  0.9100056
5927.75069507211  0.8846356
5927.76810454205  0.8749194
5927.78551401198  0.8457991
5927.80292348191  0.8661681
5927.82033295184  0.9068493
5927.83774242177  0.9080635
5927.85515189171  0.9147315
5927.87256136164  0.9148002
5927.88997083157  0.8403797
5927.9073803015  0.8033505
5927.92478977144  0.8054365
5927.94219924137  0.8258644
5927.9596087113  0.8590153
5927.97701818123  0.9276414
5927.99442765117  0.8956207
5928.0118371211  0.8392006
5928.02924659103  0.8356746
5928.04665606096  0.8892717
5928.0640655309  0.918689
5928.08147500083  0.9359145
5928.09888447076  0.9244022
5928.11629394069  0.9017717
5928.13370341063  0.9174237
5928.15111288056  0.8844683
5928.16852235049  0.8886449
5928.18593182042  0.9278135
5928.20334129035  0.8858663
5928.22075076029  0.8601172
5928.23816023022  0.8751786
5928.25556970015  0.8991786
5928.27297917008  0.9192734
5928.29038864001  0.9391692
5928.30779810995  0.9104403
5928.32520757988  0.8756856
5928.34261704981  0.8640293
5928.36002651974  0.8511303
5928.37743598968  0.8843384
5928.39484545961  0.8390918
5928.41225492954  0.8303521
5928.42966439947  0.7763704
5928.44707386941  0.7222857
5928.46448333934  0.6892171
5928.48189280927  0.625563
5928.4993022792  0.5984823
5928.51671174913  0.6158453
5928.53412121907  0.6126789
5928.551530689  0.5688998
5928.56894015893  0.5309371
5928.58634962886  0.4117469
5928.6037590988  0.3041147
5928.62116856873  0.2506929
5928.63857803866  0.203946
5928.65598750859  0.1727307
5928.67339697853  0.118041
5928.69080644846  0.05535731
5928.70821591839  0.07033052
5928.72562538832  0.0509643
5928.74303485826  0.06325746
5928.76044432819  0.1088743
5928.77785379812  0.04081991
5928.79526326805  0.01614203
5928.81267273798  0.05192783
5928.83008220792  0.02289819
5928.84749167785  -0.03701289
5928.86490114778  -0.02712143
5928.88231061771  0.05313127
5928.89972008765  0.06066559
5928.91712955758  0.03925081
5928.93453902751  0.038227
5928.95194849744  0.03914493
5928.96935796737  0.009734451
5928.98676743731  -0.01295942
5929.00417690724  -0.001596738
5929.02158637717  -0.001380078
5929.0389958471  0.00741005
5929.05640531704  0.01734213
5929.07381478697  0.03560094
5929.0912242569  0.03990596
5929.10863372683  0.01377081
5929.12604319677  -0.00272144
5929.1434526667  0.1535398
5929.16086213663  0.2702707
5929.17827160656  0.3332621
5929.1956810765  0.5054147
5929.21309054643  0.5557777
5929.23050001636  0.588709
5929.24790948629  0.6918865
5929.26531895622  0.8693161
5929.28272842616  0.9960839
5929.30013789609  0.9827457
5929.31754736602  0.9247617
5929.33495683595  0.9779652
5929.35236630589  1.023984
5929.36977577582  1.020711
5929.38718524575  1.009236
5929.40459471568  0.9779803
5929.42200418562  0.9178367
5929.43941365555  0.8589417
5929.45682312548  0.900606
5929.47423259541  0.9552714
5929.49164206534  0.9958963
5929.50905153528  0.9546455
5929.52646100521  0.9154016
5929.54387047514  0.9397317
5929.56127994507  0.9675633
5929.57868941501  1.118024
5929.59609888494  1.065659
5929.61350835487  0.930055
5929.6309178248  0.9146238
5929.64832729474  0.8903118
5929.66573676467  0.9247064
5929.6831462346  0.9667853
5929.70055570453  1.019113
5929.71796517447  1.003974
5929.7353746444  1.003425
5929.75278411433  1.015865
5929.77019358426  1.067946
5929.78760305419  1.083229
5929.80501252413  1.02723
5929.82242199406  0.927968
5929.83983146399  0.9362347
5929.85724093392  0.9627079
5929.87465040386  0.962913
5929.89205987379  0.9814881
5929.90946934372  1.001581
5929.92687881365  1.031487
5929.94428828358  1.05397
5929.96169775352  0.9881732
5929.97910722345  0.9382624
5929.99651669338  0.9398499
5930.01392616331  1.000957
5930.03133563325  0.9675145
5930.04874510318  0.8907911
5930.06615457311  0.8346323
5930.08356404304  0.9344612
5930.10097351298  0.9819193
5930.11838298291  0.9388474
5930.13579245284  0.9151716
5930.15320192277  1.048638
5930.17061139271  1.077094
5930.18802086264  0.996354
5930.20543033257  1.055252
5930.2228398025  1.012021
5930.24024927243  0.9606205
5930.25765874237  0.9889994
5930.2750682123  0.9145247
5930.29247768223  0.9526442
5930.30988715216  1.032674
5930.3272966221  0.989772
5930.34470609203  0.9589466
5930.36211556196  1.027775
5930.37952503189  1.105869
5930.39693450183  1.051583
5930.41434397176  0.9478227
5930.43175344169  0.950458
5930.44916291162  1.009328
5930.46657238155  0.9515222
5930.48398185149  0.893961
5930.50139132142  0.9069107
5930.51880079135  0.9602073
5930.53621026128  0.9540019
5930.55361973122  0.9931766
5930.57102920115  1.041997
5930.58843867108  1.001069
5930.60584814101  0.9122791
5930.62325761095  0.9411538
5930.64066708088  1.013891
5930.65807655081  0.9831008
5930.67548602074  0.9317638
5930.69289549068  0.9074585
5930.71030496061  0.999479
5930.72771443054  0.9751372
5930.74512390047  0.9970903
5930.7625333704  1.041973
5930.77994284034  0.9826031
5930.79735231027  0.9531651
5930.8147617802  0.9534222
5930.83217125013  0.9878199
5930.84958072007  0.9852661
5930.86699019  0.9770331
5930.88439965993  0.9665347
5930.90180912986  0.9056004
5930.9192185998  0.9291347
5930.93662806973  1.017246
5930.95403753966  1.07755
5930.97144700959  1.015796
5930.98885647952  1.036296
5931.00626594946  1.050591
5931.02367541939  0.9818067
5931.04108488932  1.034989
5931.05849435925  1.029084
5931.07590382919  0.9836308
5931.09331329912  1.009452
5931.11072276905  1.024844
5931.12813223898  0.9980545
5931.14554170892  0.9774578
5931.16295117885  1.035667
5931.18036064878  1.004719
5931.19777011871  0.9758789
5931.21517958864  0.9623563
5931.23258905858  1.006018
5931.24999852851  1.07145
5931.26740799844  1.082584
5931.28481746837  0.9888198
5931.30222693831  1.040186
5931.31963640824  1.02582
5931.33704587817  0.9168836
5931.3544553481  1.036608
5931.37186481803  1.057554
5931.38927428797  0.9960517
5931.4066837579  0.9852825
5931.42409322783  1.005942
5931.44150269776  1.012304
5931.4589121677  0.9884016
5931.47632163763  0.9597466
5931.49373110756  0.9612933
5931.51114057749  0.9740365
5931.52855004743  0.9750525
5931.54595951736  0.9576455
5931.56336898729  0.91379
5931.58077845722  0.9838488
5931.59818792716  1.082115
5931.61559739709  0.9836064
5931.63300686702  0.9515482
5931.65041633695  0.9811811
5931.66782580689  0.9462308
5931.68523527682  1.030293
5931.70264474675  1.085758
5931.72005421668  1.077512
5931.73746368661  1.068822
5931.75487315655  1.006585
5931.77228262648  0.9803571
5931.78969209641  0.9995829
5931.80710156634  1.025501
5931.82451103628  0.9823058
5931.84192050621  0.9601355
5931.85932997614  1.023181
5931.87673944607  1.029713
5931.894148916  1.032968
5931.91155838594  1.0651
5931.92896785587  1.038191
5931.9463773258  1.017564
5931.96378679573  1.021053
5931.98119626567  0.9902146
5931.9986057356  0.9686713
5932.01601520553  0.9469578
5932.03342467546  0.934233
5932.0508341454  0.8953465
5932.06824361533  0.9008987
5932.08565308526  0.9144086
5932.10306255519  0.8982329
5932.12047202512  0.887293
5932.13788149506  0.9631156
5932.15529096499  1.014346
5932.17270043492  1.047426
5932.19010990485  1.018284
5932.20751937479  0.9301594
5932.22492884472  0.9277678
5932.24233831465  0.9900073
5932.25974778458  0.9882795
5932.27715725452  0.9887812
5932.29456672445  1.07046
5932.31197619438  1.108394
5932.32938566431  1.069921
5932.34679513424  0.9811249
5932.36420460418  0.9398432
5932.38161407411  0.9894174
5932.39902354404  1.0689
5932.41643301397  1.031201
5932.43384248391  0.9692116
5932.45125195384  1.014389
5932.46866142377  1.013905
5932.4860708937  0.9980633
5932.50348036364  1.025846
5932.52088983357  1.031011
5932.5382993035  0.9960813
5932.55570877343  0.977511
5932.57311824337  0.9858711
5932.5905277133  1.041781
5932.60793718323  1.041841
5932.62534665316  0.957022
5932.64275612309  0.8731472
5932.66016559303  0.879741
5932.67757506296  0.9386045
5932.69498453289  1.00137
5932.71239400282  1.118299
5932.72980347276  1.063473
5932.74721294269  0.9973764
5932.76462241262  1.022678
5932.78203188255  0.9975981
5932.79944135248  1.004187
5932.81685082242  1.034709
5932.83426029235  1.041286
5932.85166976228  1.092878
5932.86907923221  1.071758
5932.88648870215  1.040725
5932.90389817208  1.036023
5932.92130764201  0.9963732
5932.93871711194  1.0093
5932.95612658188  1.079764
5932.97353605181  1.028245
5932.99094552174  0.9283203
5933.00835499167  0.918017
5933.02576446161  0.9805857
5933.04317393154  1.059031
5933.06058340147  1.062093
5933.0779928714  1.003186
5933.09540234134  0.9336807
5933.11281181127  0.9820137
5933.1302212812  0.9519683
5933.14763075113  0.9079856
5933.16504022106  0.9253096
5933.182449691  1.005332
5933.19985916093  1.018526
5933.21726863086  1.031818
5933.23467810079  1.010844
5933.25208757072  1.004744
5933.26949704066  1.038664
5933.28690651059  1.039041
5933.30431598052  1.061186
5933.32172545045  1.083922
5933.33913492039  1.068819
5933.35654439032  1.029276
5933.37395386025  1.09637
5933.39136333018  1.034004
5933.40877280012  0.9596793
5933.42618227005  1.026126
5933.44359173998  1.035321
5933.46100120991  0.9771119
5933.47841067985  0.9615344
5933.49582014978  0.9117281
5933.51322961971  0.945647
5933.53063908964  0.9648848
5933.54804855957  0.9566237
5933.56545802951  0.9533244
5933.58286749944  0.9625388
5933.60027696937  0.9918965
5933.6176864393  1.017652
5933.63509590924  1.029221
5933.65250537917  0.9896159
5933.6699148491  0.9449964
5933.68732431903  0.9893122
5933.70473378897  1.014362
5933.7221432589  0.9898182
5933.73955272883  0.967566
5933.75696219876  0.9674736
5933.77437166869  1.037788
5933.79178113863  1.039035
5933.80919060856  1.0146
5933.82660007849  0.9662533
5933.84400954842  1.014396
5933.86141901836  1.01616
5933.87882848829  0.9674619
5933.89623795822  0.9894994
5933.91364742815  0.9171252
5933.93105689809  0.9531326
5933.94846636802  1.036027
5933.96587583795  1.061117
5933.98328530788  1.015536
5934.00069477782  0.9922058
5934.01810424775  1.01832
5934.03551371768  0.9696265
5934.05292318761  0.9785064
5934.07033265754  0.9914889
5934.08774212748  0.9904256
5934.10515159741  0.9539967
5934.12256106734  0.9781588
5934.13997053727  1.021919
5934.15738000721  1.06321
5934.17478947714  1.036988
5934.19219894707  0.961972
5934.209608417  0.9311059
5934.22701788694  0.9662912
5934.24442735687  0.9884079
5934.2618368268  1.007187
5934.27924629673  1.018677
5934.29665576667  1.043507
5934.3140652366  0.9950051
5934.33147470653  1.00434
5934.34888417646  1.070975
5934.36629364639  0.9662182
5934.38370311633  0.9225811
5934.40111258626  0.9818079
5934.41852205619  0.9629723
5934.43593152612  0.953517
5934.45334099606  1.028176
5934.47075046599  1.032877
5934.48815993592  1.009772
5934.50556940585  0.9470574
5934.52297887579  0.9389694
5934.54038834572  0.9762443
5934.55779781565  0.9628123
5934.57520728558  1.039916
5934.59261675551  1.055024
5934.61002622545  0.9967526
5934.62743569538  0.9532199
5934.64484516531  1.002491
5934.66225463524  0.9707363
5934.67966410518  0.8982447
5934.69707357511  0.9410188
5934.71448304504  0.9646668
5934.73189251497  1.022466
5934.74930198491  1.094999
5934.76671145484  1.121816
5934.78412092477  1.02794
5934.8015303947  0.9247834
5934.81893986463  0.9056961
5934.83634933457  0.9563956
5934.8537588045  0.9474301
5934.87116827443  0.9773236
5934.88857774436  1.091184
5934.9059872143  1.065158
5934.92339668423  1.033879
5934.94080615416  1.025289
5934.95821562409  1.085342
5934.97562509402  1.07363
5934.99303456396  1.021126
5935.01044403389  1.00917
5935.02785350382  1.00965
5935.04526297375  1.015135
5935.06267244369  1.011137
5935.08008191362  0.9908948
5935.09749138355  0.9277009
5935.11490085348  0.9537746
5935.13231032342  1.00876
5935.14971979335  0.9612347
5935.16712926328  0.9082648
5935.18453873321  0.932089
5935.20194820315  1.010712
5935.21935767308  1.042993
5935.23676714301  1.056697
5935.25417661294  1.023972
5935.27158608288  0.9527221
5935.28899555281  0.9553922
5935.30640502274  0.9588331
5935.32381449267  0.9708105
5935.3412239626  0.9876822
5935.35863343254  0.9865404
5935.37604290247  1.017466
5935.3934523724  0.9719876
5935.41086184233  0.9337268
5935.42827131226  0.9839347
5935.4456807822  0.9514033
5935.46309025213  1.007495
5935.48049972206  1.037789
5935.49790919199  1.077922
5935.51531866193  1.045241
5935.53272813186  1.042039
5935.55013760179  1.079412
5935.56754707172  1.021965
5935.58495654166  0.9744777
5935.60236601159  1.006187
5935.61977548152  1.047377
5935.63718495145  1.075378
5935.65459442138  1.035783
5935.67200389132  0.9981638
5935.68941336125  1.004393
5935.70682283118  1.011883
5935.72423230111  1.017893
5935.74164177105  0.990897
5935.75905124098  0.9372676
5935.77646071091  0.9703098
5935.79387018084  1.04574
5935.81127965078  0.9961093
5935.82868912071  0.9208184
5935.84609859064  0.8464978
5935.86350806057  0.9208649
5935.88091753051  1.003114
5935.89832700044  1.027299
5935.91573647037  1.003168
5935.9331459403  0.9960035
5935.95055541023  1.059744
5935.96796488017  1.081303
5935.9853743501  0.9966903
5936.00278382003  0.9527193
5936.02019328996  0.9603123
5936.0376027599  0.9719655
5936.05501222983  1.038968
5936.07242169976  0.9960696
5936.08983116969  0.9739191
5936.10724063962  0.9860521
5936.12465010956  1.000401
5936.14205957949  1.057444
5936.15946904942  1.07124
5936.17687851936  1.045862
5936.19428798929  1.110366
5936.21169745922  1.021592
5936.22910692915  0.955618
5936.24651639908  0.9141374
5936.26392586902  0.9227849
5936.28133533895  0.9580308
5936.29874480888  0.95806
5936.31615427881  0.9839851
5936.33356374875  0.9082071
5936.35097321868  0.8950912
5936.36838268861  0.9761755
5936.38579215854  1.016869
5936.40320162848  1.035358
5936.42061109841  1.030529
5936.43802056834  0.9886081
5936.45543003827  0.954007
5936.4728395082  0.9565989
5936.49024897814  0.9655999
5936.50765844807  0.9606503
5936.525067918  0.9867905
5936.54247738793  1.045266
5936.55988685787  1.003676
5936.5772963278  0.9590058
5936.59470579773  0.9831036
5936.61211526766  0.9648441
5936.62952473759  1.017546
5936.64693420753  1.066931
5936.66434367746  1.05266
5936.68175314739  1.005912
5936.69916261732  1.007678
5936.71657208726  1.048985
5936.73398155719  1.057969
5936.75139102712  1.102537
5936.76880049705  1.032631
5936.78620996699  0.940456
5936.80361943692  1.046289
5936.82102890685  1.075901
5936.83843837678  0.9857894
5936.85584784672  0.9762149
5936.87325731665  1.055574
5936.89066678658  1.092231
5936.90807625651  1.059185
5936.92548572644  1.01224
5936.94289519638  0.9992446
5936.96030466631  1.003335
5936.97771413624  0.9747341
5936.99512360617  0.9525496
5937.01253307611  0.9562266
5937.02994254604  0.96694
5937.04735201597  0.9440461
5937.0647614859  0.8922909
5937.08217095583  0.9032378
5937.09958042577  0.9740374
5937.1169898957  1.081088
5937.13439936563  1.086443
5937.15180883556  1.004867
5937.1692183055  1.005506
5937.18662777543  0.9984425
5937.20403724536  0.9786789
5937.22144671529  1.04062
5937.23885618523  0.9938325
5937.25626565516  0.9722426
5937.27367512509  1.015176
5937.29108459502  0.9605696
5937.30849406496  0.9932656
5937.32590353489  1.026358
5937.34331300482  1.032409
5937.36072247475  1.05968
5937.37813194469  1.063276
5937.39554141462  1.050613
5937.41295088455  0.9579461
5937.43036035448  0.927726
5937.44776982441  0.9835818
5937.46517929435  0.9935293
5937.48258876428  0.9842845
5937.49999823421  1.005978
5937.51740770414  1.024599
5937.53481717408  1.04711
5937.55222664401  1.0544
5937.56963611394  1.065624
5937.58704558387  1.043829
5937.60445505381  1.048268
5937.62186452374  1.025921
5937.63927399367  1.046689
5937.6566834636  1.039982
5937.67409293353  1.01429
5937.69150240347  1.009193
5937.7089118734  0.9978835
5937.72632134333  0.9620507
5937.74373081326  0.9940343
5937.7611402832  1.040424
5937.77854975313  1.009023
5937.79595922306  1.032707
5937.81336869299  1.029617
5937.83077816293  1.013816
5937.84818763286  1.048653
5937.86559710279  1.031961
5937.88300657272  0.9684165
5937.90041604265  0.9292871
5937.91782551259  0.8723176
5937.93523498252  0.9875072
5937.95264445245  0.9771719
5937.97005392238  0.9188595
5937.98746339232  1.053231
5938.00487286225  0.9840015
5938.02228233218  0.9024858
5938.03969180211  0.9370667
5938.05710127205  0.9170527
5938.07451074198  0.9262264
5938.09192021191  1.00747
5938.10932968184  1.031719
5938.12673915178  0.9815118
5938.14414862171  1.053875
5938.16155809164  1.07736
5938.17896756157  1.054655
5938.1963770315  0.9601927
5938.21378650144  1.029399
5938.23119597137  1.082373
5938.2486054413  1.012364
5938.26601491123  1.024316
5938.28342438117  1.036442
5938.3008338511  1.031655
5938.31824332103  1.011627
5938.33565279096  0.9723104
5938.3530622609  0.9478635
5938.37047173083  0.9358096
5938.38788120076  0.9849057
5938.40529067069  0.9961699
5938.42270014063  1.045285
5938.44010961056  1.072824
5938.45751908049  1.014916
5938.47492855042  1.020899
5938.49233802035  0.9671913
5938.50974749028  0.9652564
5938.52715696022  0.9647681
5938.54456643015  0.9391108
5938.56197590008  0.9999099
5938.57938537002  0.9825036
5938.59679483995  0.9447094
5938.61420430988  0.9446438
5938.63161377981  0.9890434
5938.64902324974  1.066602
5938.66643271968  1.041673
5938.68384218961  0.9989092
5938.70125165954  0.9305744
5938.71866112947  1.01157
5938.73607059941  1.055168
5938.75348006934  1.00273
5938.77088953927  1.045404
5938.7882990092  0.9991654
5938.80570847914  0.970665
5938.82311794907  1.019753
5938.840527419  1.085883
5938.85793688893  0.9692144
5938.87534635886  0.9038608
5938.8927558288  0.9599112
5938.91016529873  0.9998304
5938.92757476866  1.001784
5938.94498423859  0.994556
5938.96239370853  1.002697
5938.97980317846  0.9927402
5938.99721264839  1.032648
5939.01462211832  1.026782
5939.03203158826  1.004316
5939.04944105819  0.9973922
5939.06685052812  0.9850608
5939.08425999805  0.9315669
5939.10166946798  0.9812554
5939.11907893792  1.069869
5939.13648840785  1.014466
5939.15389787778  1.019519
5939.17130734771  1.059066
5939.18871681765  1.060973
5939.20612628758  0.9133162
5939.22353575751  0.9950936
5939.24094522744  1.1245
5939.25835469737  1.075456
5939.27576416731  1.029147
5939.29317363724  1.057078
5939.31058310717  1.024629
5939.3279925771  0.9692717
5939.34540204704  1.006474
5939.36281151697  1.009446
5939.3802209869  1.021289
5939.39763045683  1.035422
5939.41503992677  1.068859
5939.4324493967  0.9836239
5939.44985886663  0.963358
5939.46726833656  1.021997
5939.4846778065  0.9980035
5939.50208727643  1.005862
5939.51949674636  1.001777
5939.53690621629  0.9357182
5939.55431568623  0.9467531
5939.57172515616  1.03736
5939.58913462609  0.9676449
5939.60654409602  0.9174874
5939.62395356595  1.0082
5939.64136303589  1.006117
5939.65877250582  1.031494
5939.67618197575  1.127703
5939.69359144568  1.160617
5939.71100091562  1.030233
5939.72841038555  0.9918513
5939.74581985548  1.023185
5939.76322932541  0.998741
5939.78063879534  0.9624534
5939.79804826528  0.9784196
5939.81545773521  0.9733418
5939.83286720514  0.9740493
5939.85027667507  1.043724
5939.86768614501  1.114341
5939.88509561494  1.106011
5939.90250508487  1.076843
5939.9199145548  1.035551
5939.93732402473  1.048099
5939.95473349467  1.003894
5939.9721429646  0.9282284
5939.98955243453  0.9602593
5940.00696190446  1.033761
5940.0243713744  1.022439
5940.04178084433  0.9816753
5940.05919031426  1.011148
5940.07659978419  1.096831
5940.09400925413  0.9880539
5940.11141872406  0.907465
5940.12882819399  0.9645918
5940.14623766392  0.9387342
5940.16364713386  0.9530953
5940.18105660379  0.9702902
5940.19846607372  0.9941332
5940.21587554365  1.12259
5940.23328501359  1.09036
5940.25069448352  1.053654
5940.26810395345  1.098349
5940.28551342338  1.09284
5940.30292289331  1.041896
5940.32033236325  1.011535
5940.33774183318  1.009383
5940.35515130311  0.9953991
5940.37256077304  1.005954
5940.38997024297  0.9842637
5940.40737971291  0.9306098
5940.42478918284  0.9340237
5940.44219865277  0.902119
5940.4596081227  0.995548
5940.47701759264  1.066033
5940.49442706257  1.006304
5940.5118365325  0.9156328
5940.52924600243  0.9617271
5940.54665547237  1.078885
5940.5640649423  1.101927
5940.58147441223  1.073104
5940.59888388216  1.009462
5940.6162933521  0.9562016
5940.63370282203  0.9415655
5940.65111229196  0.9036441
5940.66852176189  0.9471283
5940.68593123182  0.9993108
5940.70334070176  0.9890521
5940.72075017169  1.025684
5940.73815964162  1.066873
5940.75556911155  1.031926
5940.77297858149  0.9960199
5940.79038805142  1.063973
5940.80779752135  1.075598
5940.82520699128  1.056487
5940.84261646122  1.045051
5940.86002593115  1.059812
5940.87743540108  0.9893708
5940.89484487101  0.9126648
5940.91225434095  0.8988304
5940.92966381088  0.9618056
5940.94707328081  1.011938
5940.96448275074  1.064349
5940.98189222067  1.035485
5940.99930169061  0.9210314
5941.01671116054  0.9209282
5941.03412063047  0.9567156
5941.0515301004  0.9221194
5941.06893957034  0.9084309
5941.08634904027  0.9184624
5941.1037585102  0.9424205
5941.12116798013  1.003992
5941.13857745007  1.040412
5941.15598692  0.9942616
5941.17339638993  0.9068922
5941.19080585986  0.8958092
5941.20821532979  0.9547258
5941.22562479973  0.9894176
5941.24303426966  0.9960153
5941.26044373959  1.108948
5941.27785320952  1.054731
5941.29526267946  0.9096829
5941.31267214939  0.926185
5941.33008161932  1.024385
5941.34749108925  1.010877
5941.36490055919  1.001039
5941.38231002912  1.045629
5941.39971949905  1.007223
5941.41712896898  1.013168
5941.43453843892  1.016549
5941.45194790885  0.9850479
5941.46935737878  0.9868234
5941.48676684871  0.9943638
5941.50417631864  1.014553
5941.52158578858  1.02292
5941.53899525851  1.028164
5941.55640472844  1.005546
5941.57381419837  1.00943
5941.59122366831  0.9506974
5941.60863313824  0.8871499
5941.62604260817  0.9278774
5941.6434520781  0.950331
5941.66086154804  0.9316044
5941.67827101797  0.9521189
5941.6956804879  1.022586
5941.71308995783  1.057261
5941.73049942776  1.019214
5941.7479088977  0.9720035
5941.76531836763  0.9777523
5941.78272783756  1.041035
5941.80013730749  1.100938
5941.81754677743  1.111686
5941.83495624736  1.052587
5941.85236571729  1.055589
5941.86977518722  1.091978
5941.88718465716  1.083297
5941.90459412709  1.063288
5941.92200359702  0.9982883
5941.93941306695  1.006864
5941.95682253688  1.007017
5941.97423200682  0.9746928
5941.99164147675  1.058061
5942.00905094668  1.018306
5942.02646041661  0.9677839
5942.04386988655  0.9914626
5942.06127935648  1.043022
5942.07868882641  1.049123
5942.09609829634  0.9984897
5942.11350776627  0.9640817
5942.13091723621  0.975561
5942.14832670614  1.032801
5942.16573617607  1.079586
5942.183145646  1.039295
5942.20055511594  0.9820838
5942.21796458587  1.025106
5942.2353740558  0.9995334
5942.25278352573  0.9121904
5942.27019299567  0.9333391
5942.2876024656  0.9717764
5942.30501193553  0.9995871
5942.32242140546  1.025098
5942.3398308754  0.9994422
5942.35724034533  0.9644632
5942.37464981526  0.9656206
5942.39205928519  0.9713341
5942.40946875513  0.9747242
5942.42687822506  1.007515
5942.44428769499  0.9839204
5942.46169716492  0.9573084
5942.47910663485  0.9433637
5942.49651610479  0.937883
5942.51392557472  0.9137349
5942.53133504465  0.8095149
5942.54874451458  0.8437667
5942.56615398451  0.9311809
5942.58356345445  0.9714732
5942.60097292438  0.8762444
5942.61838239431  0.9305366
5942.63579186424  1.032618
5942.65320133418  1.020544
5942.67061080411  0.970311
5942.68802027404  1.019976
5942.70542974397  1.053035
5942.72283921391  1.013452
5942.74024868384  1.057123
5942.75765815377  1.020104
5942.7750676237  0.9236792
5942.79247709364  0.9116833
5942.80988656357  0.9745879
5942.8272960335  1.041593
5942.84470550343  1.09609
5942.86211497336  1.091511
5942.8795244433  1.028768
5942.89693391323  1.016057
5942.91434338316  1.058418
5942.9317528531  1.02939
5942.94916232303  0.9796388
5942.96657179296  0.9442779
5942.98398126289  1.036232
5943.00139073282  1.068923
5943.01880020276  1.011274
5943.03620967269  0.9891555
5943.05361914262  0.9634231
5943.07102861255  0.9109856
5943.08843808248  0.9210732
5943.10584755242  0.9524432
5943.12325702235  0.9164941
5943.14066649228  1.034402
5943.15807596221  1.067546
5943.17548543215  0.9935193
5943.19289490208  0.9725289
5943.21030437201  0.9054176
5943.22771384194  0.962459
5943.24512331188  0.9911416
5943.26253278181  0.9014327
5943.27994225174  0.9829035
5943.29735172167  1.064898
5943.31476119161  1.022667
5943.33217066154  0.9733538
5943.34958013147  0.9918128
5943.3669896014  1.02939
5943.38439907133  1.016779
5943.40180854127  1.045478
5943.4192180112  1.070432
5943.43662748113  0.9913536
5943.45403695106  1.003213
5943.471446421  1.031524
5943.48885589093  0.9807803
5943.50626536086  1.004058
5943.52367483079  0.9332494
5943.54108430073  0.919019
5943.55849377066  1.009757
5943.57590324059  1.006487
5943.59331271052  0.9468793
5943.61072218045  0.9386696
5943.62813165039  0.9776669
5943.64554112032  0.9978302
5943.66295059025  1.02909
5943.68036006018  1.065335
5943.69776953012  1.064992
5943.71517900005  1.0352
5943.73258846998  1.046621
5943.74999793991  1.095369
5943.76740740985  1.038963
5943.78481687978  0.9983529
5943.80222634971  1.035175
5943.81963581964  1.071629
5943.83704528957  1.030347
5943.85445475951  0.9913752
5943.87186422944  1.034062
5943.88927369937  1.047487
5943.9066831693  1.051424
5943.92409263924  0.9566118
5943.94150210917  0.9584843
5943.9589115791  1.032293
5943.97632104903  0.9709017
5943.99373051897  1.01111
5944.0111399889  1.053641
5944.02854945883  1.041513
5944.04595892876  1.068478
5944.06336839869  1.089012
5944.08077786863  1.055034
5944.09818733856  1.029169
5944.11559680849  1.063715
5944.13300627842  1.097176
5944.15041574836  1.048156
5944.16782521829  1.055941
5944.18523468822  1.041445
5944.20264415815  0.8785768
5944.22005362809  0.7942649
5944.23746309802  0.9264203
5944.25487256795  0.9589576
5944.27228203788  0.9838511
5944.28969150781  1.065321
5944.30710097775  1.037136
5944.32451044768  0.972803
5944.34191991761  0.9249465
5944.35932938754  0.985562
5944.37673885748  0.9959809
5944.39414832741  0.9503813
5944.41155779734  1.017542
5944.42896726727  1.058849
5944.44637673721  1.007373
5944.46378620714  0.9448063
5944.48119567707  0.9169279
5944.498605147  0.9330737
5944.51601461694  0.9023343
5944.53342408687  1.006576
5944.5508335568  1.029281
5944.56824302673  0.9871563
5944.58565249667  0.9649187
5944.6030619666  0.9318563
5944.62047143653  1.061176
5944.63788090646  1.068715
5944.65529037639  1.029537
5944.67269984633  1.026718
5944.69010931626  0.9987388
5944.70751878619  0.9521166
5944.72492825612  0.9246868
5944.74233772606  0.9266164
5944.75974719599  0.9103386
5944.77715666592  0.9822433
5944.79456613585  0.9862728
5944.81197560578  0.9281452
5944.82938507572  0.9671263
5944.84679454565  0.9934597
5944.86420401558  0.9176833
5944.88161348551  0.8674605
5944.89902295545  0.9375208
5944.91643242538  1.053343
5944.93384189531  1.053913
5944.95125136524  1.021274
5944.96866083518  1.015239
5944.98607030511  1.022001
5945.00347977504  1.00878
5945.02088924497  1.047022
5945.0382987149  1.016426
5945.05570818484  0.918232
5945.07311765477  0.9415202
5945.0905271247  1.012024
5945.10793659463  1.06144
5945.12534606457  1.077662
5945.1427555345  1.034387
5945.16016500443  1.003776
5945.17757447436  0.9548171
5945.1949839443  0.9296762
5945.21239341423  0.9400817
5945.22980288416  0.9513074
5945.24721235409  1.004505
5945.26462182403  1.030617
5945.28203129396  1.002244
5945.29944076389  0.9158301
5945.31685023382  0.9195952
5945.33425970375  1.04396
5945.35166917369  1.035954
5945.36907864362  0.9940594
5945.38648811355  1.011062
5945.40389758348  0.9875236
5945.42130705342  0.9998456
5945.43871652335  1.033044
5945.45612599328  1.043651
5945.47353546321  1.042396
5945.49094493315  0.9965224
5945.50835440308  1.030861
5945.52576387301  1.03724
5945.54317334294  0.9780679
5945.56058281288  0.9846726
5945.57799228281  0.9872832
5945.59540175274  1.006172
5945.61281122267  1.049562
5945.6302206926  1.039527
5945.64763016254  0.9438626
5945.66503963247  0.9192492
5945.6824491024  0.9708976
5945.69985857233  1.00394
5945.71726804227  0.9868135
5945.7346775122  1.019705
5945.75208698213  0.9460804
5945.76949645206  0.8544204
5945.78690592199  0.9012883
5945.80431539193  0.9415849
5945.82172486186  0.9856566
5945.83913433179  1.003863
5945.85654380172  0.9911466
5945.87395327166  0.9905972
5945.89136274159  1.025775
5945.90877221152  1.0867
5945.92618168145  1.086927
5945.94359115139  1.094702
5945.96100062132  1.098643
5945.97841009125  0.9586843
5945.99581956118  0.925024
5946.01322903112  0.987711
5946.03063850105  0.9478807
5946.04804797098  0.8672028
5946.06545744091  0.9532734
5946.08286691085  1.01805
5946.10027638078  1.005539
5946.11768585071  1.018548
5946.13509532064  1.104669
5946.15250479057  1.07876
5946.16991426051  0.9779588
5946.18732373044  0.9401417
5946.20473320037  0.9593004
5946.2221426703  1.05214
5946.23955214023  1.069556
5946.25696161017  1.047337
5946.2743710801  1.057228
5946.29178055003  1.087641
5946.30919001996  1.068808
5946.3265994899  1.063163
5946.34400895983  1.044881
5946.36141842976  1.027079
5946.37882789969  0.9162653
5946.39623736962  0.958091
5946.41364683956  1.001848
5946.43105630949  0.9707913
5946.44846577942  1.066778
5946.46587524935  1.110803
5946.48328471929  1.052467
5946.50069418922  0.9920955
5946.51810365915  0.9978959
5946.53551312908  1.061199
5946.55292259902  1.029644
5946.57033206895  1.027569
5946.58774153888  1.046084
5946.60515100881  0.9583108
5946.62256047875  0.9383026
5946.63996994868  0.9036916
5946.65737941861  0.9633943
5946.67478888854  1.02119
5946.69219835848  0.9361091
5946.70960782841  1.017254
5946.72701729834  1.051271
5946.74442676827  1.017329
5946.7618362382  0.9181845
5946.77924570814  0.8371796
5946.79665517807  0.9428206
5946.814064648  0.9697608
5946.83147411793  0.9361775
5946.84888358787  1.014763
5946.8662930578  1.007223
5946.88370252773  0.9219581
5946.90111199766  0.9642192
5946.91852146759  1.031233
5946.93593093753  1.022821
5946.95334040746  0.9658563
5946.97074987739  0.9861557
5946.98815934732  1.006544
5947.00556881726  1.019533
5947.02297828719  1.049509
5947.04038775712  0.9994166
5947.05779722705  0.9693581
5947.07520669699  1.004817
5947.09261616692  1.01015
5947.11002563685  0.9781258
5947.12743510678  1.007737
5947.14484457671  0.9916678
5947.16225404665  0.9278615
5947.17966351658  0.8900098
5947.19707298651  1.019582
5947.21448245644  1.092037
5947.23189192638  1.028253
5947.24930139631  0.9942935
5947.26671086624  0.9369549
5947.28412033617  0.9184457
5947.30152980611  0.9944552
5947.31893927604  1.02913
5947.33634874597  1.027992
5947.3537582159  1.039402
5947.37116768584  1.007595
5947.38857715577  1.031374
5947.4059866257  1.084774
5947.42339609563  1.063277
5947.44080556556  0.9827112
5947.4582150355  1.011238
5947.47562450543  1.014473
5947.49303397536  1.02291
5947.51044344529  1.082239
5947.52785291523  1.004299
5947.54526238516  1.017827
5947.56267185509  1.077644
5947.58008132502  1.070572
5947.59749079496  0.994134
5947.61490026489  1.013723
5947.63230973482  0.9838978
5947.64971920475  0.9793276
5947.66712867468  1.062859
5947.68453814462  1.107167
5947.70194761455  1.064913
5947.71935708448  0.9773618
5947.73676655441  0.9121445
5947.75417602435  0.8643733
5947.77158549428  0.9012345
5947.78899496421  1.033232
5947.80640443414  1.049809
5947.82381390408  0.9864942
5947.84122337401  1.014092
5947.85863284394  1.047368
5947.87604231387  0.9503483
5947.89345178381  1.007641
5947.91086125374  1.085372
5947.92827072367  1.055619
5947.9456801936  0.9610384
5947.96308966353  0.9729896
5947.98049913347  1.015887
5947.9979086034  1.01916
5948.01531807333  1.05555
5948.03272754326  1.0778
5948.0501370132  1.035706
5948.06754648313  0.9754978
5948.08495595306  0.9437791
5948.10236542299  1.017606
5948.11977489292  1.079873
5948.13718436286  1.016778
5948.15459383279  0.9669417
5948.17200330272  0.9654032
5948.18941277265  0.9834968
5948.20682224259  0.9465917
5948.22423171252  0.9692677
5948.24164118245  1.025283
5948.25905065238  1.093985
5948.27646012232  0.9818012
5948.29386959225  0.8669166
5948.31127906218  1.027941
5948.32868853211  1.106496
5948.34609800204  1.042158
5948.36350747198  1.111736
5948.38091694191  1.11831
5948.39832641184  1.000263
5948.41573588177  0.9713204
5948.43314535171  0.9938334
5948.45055482164  1.058855
5948.46796429157  1.050698
5948.4853737615  1.066849
5948.50278323144  1.081349
5948.52019270137  1.047828
5948.5376021713  1.023523
5948.55501164123  1.10478
5948.57242111117  1.120739
5948.5898305811  1.031237
5948.60724005103  1.021208
5948.62464952096  1.022647
5948.64205899089  0.9499767
5948.65946846083  1.020809
5948.67687793076  1.055587
5948.69428740069  1.053304
5948.71169687062  1.09512
5948.72910634056  1.062938
5948.74651581049  1.052573
5948.76392528042  1.022128
5948.78133475035  0.9810089
5948.79874422029  0.9369318
5948.81615369022  0.9756553
5948.83356316015  1.008269
5948.85097263008  0.9521865
5948.86838210002  0.8865308
5948.88579156995  0.9842709
5948.90320103988  1.045836
5948.92061050981  0.9759195
5948.93801997974  0.912178
5948.95542944968  0.9820604
5948.97283891961  1.039253
5948.99024838954  1.05307
5949.00765785947  1.057865
5949.02506732941  1.010353
5949.04247679934  1.007137
5949.05988626927  0.9430937
5949.0772957392  1.011979
5949.09470520913  1.048905
5949.11211467907  0.9811504
5949.129524149  0.9448654
5949.14693361893  1.027915
5949.16434308886  0.9075146
5949.1817525588  0.9025419
5949.19916202873  1.042931
5949.21657149866  0.9495413
5949.23398096859  0.9939319
5949.25139043852  0.9581676
5949.26879990846  0.9334131
5949.28620937839  0.9955501
5949.30361884832  0.9497836
5949.32102831825  1.033051
5949.33843778819  0.97516
5949.35584725812  0.9426923
5949.37325672805  1.013356
5949.39066619798  0.9505172
5949.40807566792  1.009223
5949.42548513785  0.9410322
5949.44289460778  0.7936773
5949.46030407771  0.904554
5949.47771354765  1.038107
5949.49512301758  1.053924
5949.51253248751  0.9956843
5949.52994195744  0.9412432
5949.54735142738  0.9114561
5949.56476089731  0.9577571
5949.58217036724  1.019082
5949.59957983717  0.9652549
5949.6169893071  1.00199
5949.63439877704  1.017631
5949.65180824697  0.9787659
5949.6692177169  1.054999
5949.68662718683  1.081544
5949.70403665676  1.067194
5949.7214461267  1.056278
5949.73885559663  0.9777798
5949.75626506656  1.015476
5949.77367453649  1.016198
5949.79108400643  0.9978258
5949.80849347636  1.055306
5949.82590294629  0.9852973
5949.84331241622  0.9952711
5949.86072188616  0.8901852
5949.87813135609  0.9153614
5949.89554082602  1.061198
5949.91295029595  1.020804
5949.93035976589  1.021245
5949.94776923582  0.9657162
5949.96517870575  0.9653073
5949.98258817568  1.020444
5949.99999764562  0.
