5900.00537109376  0.8984821
5900.02278107405  0.883706
5900.04019105435  0.8957912
5900.05760103465  0.9333245
5900.07501101494  0.9005114
5900.09242099524  0.9666348
5900.10983097554  0.9457208
5900.12724095584  0.9342703
5900.14465093613  0.9628443
5900.16206091643  0.9758542
5900.17947089673  0.9741668
5900.19688087702  0.9707202
5900.21429085732  0.988309
5900.23170083762  0.9922921
5900.24911081791  0.9770765
5900.26652079821  0.9676157
5900.28393077851  0.9476368
5900.30134075881  0.9906932
5900.3187507391  1.017517
5900.3361607194  0.963703
5900.3535706997  0.9677319
5900.37098067999  0.9855741
5900.38839066029  0.9949502
5900.40580064059  0.9643779
5900.42321062088  0.9493307
5900.44062060118  0.9620425
5900.45803058148  0.9986435
5900.47544056178  0.9820942
5900.49285054207  0.9744575
5900.51026052237  0.9810089
5900.52767050267  0.9831545
5900.54508048296  0.9617227
5900.56249046326  0.9607399
5900.57990044356  0.9927014
5900.59731042386  0.9911669
5900.61472040415  0.9651268
5900.63213038445  1.0107
5900.64954036475  0.9952604
5900.66695034504  0.9787293
5900.68436032534  1.004732
5900.70177030564  0.9707329
5900.71918028593  0.9737907
5900.73659026623  0.9895611
5900.75400024653  0.978983
5900.77141022683  0.9580738
5900.78882020712  0.9772602
5900.80623018742  1.010519
5900.82364016772  0.9975881
5900.84105014802  0.9861265
5900.85846012831  0.9704287
5900.87587010861  0.9703311
5900.89328008891  0.9895481
5900.9106900692  0.9924066
5900.9281000495  1.027967
5900.9455100298  0.9925699
5900.96292001009  0.9360313
5900.98032999039  0.9512154
5900.99773997069  0.9765356
5901.01514995099  1.013798
5901.03255993128  0.9796824
5901.04996991158  0.9901052
5901.06737989188  0.9901091
5901.08478987217  0.9950069
5901.10219985247  1.013722
5901.11960983277  1.015898
5901.13701981307  1.004429
5901.15442979336  0.9466336
5901.17183977366  0.9548597
5901.18924975396  0.9765463
5901.20665973425  1.002321
5901.22406971455  0.989641
5901.24147969485  0.9930615
5901.25888967515  0.9938328
5901.27629965544  0.9554752
5901.29370963574  0.9854717
5901.31111961604  0.9698725
5901.32852959633  0.9683283
5901.34593957663  0.9480347
5901.36334955693  0.9491143
5901.38075953723  0.9185209
5901.39816951752  0.9214383
5901.41557949782  0.8992111
5901.43298947812  0.8710311
5901.45039945841  0.8696682
5901.46780943871  0.8997667
5901.48521941901  0.9237528
5901.50262939931  0.9218033
5901.5200393796  0.8788346
5901.5374493599  0.9361261
5901.5548593402  0.96346
5901.57226932049  0.968334
5901.58967930079  1.018288
5901.60708928109  0.9918056
5901.62449926138  1.017696
5901.64190924168  1.001292
5901.65931922198  0.9855719
5901.67672920228  0.9838799
5901.69413918257  1.005731
5901.71154916287  0.995571
5901.72895914317  0.9649428
5901.74636912346  0.9595735
5901.76377910376  1.005263
5901.78118908406  0.9917006
5901.79859906436  0.978995
5901.81600904465  0.960468
5901.83341902495  1.00312
5901.85082900525  1.031299
5901.86823898554  0.9896156
5901.88564896584  0.9821852
5901.90305894614  1.01437
5901.92046892644  1.042042
5901.93787890673  1.025398
5901.95528888703  0.9983165
5901.97269886733  0.9861302
5901.99010884762  0.9778239
5902.00751882792  0.9817786
5902.02492880822  0.9973411
5902.04233878851  0.9871247
5902.05974876881  0.9379627
5902.07715874911  0.925644
5902.09456872941  0.9329032
5902.1119787097  0.9194155
5902.12938869  0.9143115
5902.1467986703  0.9409279
5902.16420865059  1.030257
5902.18161863089  1.009543
5902.19902861119  0.9733203
5902.21643859149  0.9832451
5902.23384857178  1.002392
5902.25125855208  1.01181
5902.26866853238  0.9711308
5902.28607851267  1.004736
5902.30348849297  1.011275
5902.32089847327  1.00498
5902.33830845356  0.9927946
5902.35571843386  0.9568264
5902.37312841416  0.9803017
5902.39053839446  1.005661
5902.40794837475  0.9870105
5902.42535835505  0.9948342
5902.44276833535  1.010677
5902.46017831564  1.008321
5902.47758829594  1.000991
5902.49499827624  1.007581
5902.51240825654  0.9851265
5902.52981823683  0.9782212
5902.54722821713  0.9883326
5902.56463819743  1.02872
5902.58204817772  1.028037
5902.59945815802  0.9814579
5902.61686813832  0.9954469
5902.63427811862  0.9367282
5902.65168809891  0.9716479
5902.66909807921  0.9937317
5902.68650805951  0.9896905
5902.7039180398  0.9858922
5902.7213280201  1.019977
5902.7387380004  1.035908
5902.75614798069  1.021321
5902.77355796099  0.9939468
5902.79096794129  1.000234
5902.80837792159  1.002492
5902.82578790188  0.9938708
5902.84319788218  0.9927574
5902.86060786248  1.006404
5902.87801784277  0.9865274
5902.89542782307  0.9837968
5902.91283780337  1.014358
5902.93024778367  1.052792
5902.94765776396  0.9935055
5902.96506774426  0.9954046
5902.98247772456  1.016892
5902.99988770485  1.000643
5903.01729768515  0.9902028
5903.03470766545  1.028576
5903.05211764575  1.001512
5903.06952762604  0.9862037
5903.08693760634  1.040185
5903.10434758664  0.9808114
5903.12175756693  0.9897298
5903.13916754723  0.9850846
5903.15657752753  0.9759903
5903.17398750783  0.9857832
5903.19139748812  0.9759299
5903.20880746842  0.9493576
5903.22621744872  0.9975879
5903.24362742901  1.007837
5903.26103740931  1.015959
5903.27844738961  1.012612
5903.29585736991  0.9655024
5903.3132673502  1.002166
5903.3306773305  0.9776313
5903.3480873108  1.002559
5903.36549729109  1.000938
5903.38290727139  0.9492568
5903.40031725169  0.9692563
5903.41772723198  1.014096
5903.43513721228  0.9941226
5903.45254719258  1.017813
5903.46995717288  0.9997958
5903.48736715317  0.9368891
5903.50477713347  0.993744
5903.52218711377  0.9939834
5903.53959709406  0.9632701
5903.55700707436  0.9753803
5903.57441705466  0.9967625
5903.59182703496  0.9750785
5903.60923701525  1.014857
5903.62664699555  0.994305
5903.64405697585  0.952667
5903.66146695614  1.021779
5903.67887693644  0.9863831
5903.69628691674  0.9889597
5903.71369689703  0.9818455
5903.73110687733  0.9755365
5903.74851685763  0.9960492
5903.76592683793  1.011923
5903.78333681822  0.9843464
5903.80074679852  0.9895684
5903.81815677882  0.9479298
5903.83556675912  0.932635
5903.85297673941  0.9744866
5903.87038671971  0.99522
5903.88779670001  0.9884635
5903.9052066803  0.9788778
5903.9226166606  0.9728737
5903.9400266409  0.9987482
5903.95743662119  0.9996114
5903.97484660149  1.005898
5903.99225658179  1.031779
5904.00966656209  1.007269
5904.02707654238  0.9994133
5904.04448652268  0.9916189
5904.06189650298  1.012834
5904.07930648327  0.9731833
5904.09671646357  1.029114
5904.11412644387  1.029332
5904.13153642416  1.022687
5904.14894640446  1.02661
5904.16635638476  1.010729
5904.18376636506  1.013735
5904.20117634535  0.9763778
5904.21858632565  1.014458
5904.23599630595  1.021708
5904.25340628624  1.025755
5904.27081626654  1.030231
5904.28822624684  0.9853281
5904.30563622714  1.037621
5904.32304620743  1.065105
5904.34045618773  1.066519
5904.35786616803  1.027929
5904.37527614832  1.001921
5904.39268612862  1.00325
5904.41009610892  1.042663
5904.42750608922  1.022735
5904.44491606951  0.994831
5904.46232604981  1.016309
5904.47973603011  0.9945031
5904.4971460104  0.991757
5904.5145559907  0.9967272
5904.531965971  0.9788491
5904.54937595129  1.015842
5904.56678593159  1.014072
5904.58419591189  1.012183
5904.60160589219  0.9504394
5904.61901587248  0.9774678
5904.63642585278  1.000371
5904.65383583308  0.9914203
5904.67124581337  0.9917777
5904.68865579367  1.015178
5904.70606577397  0.9896488
5904.72347575427  0.9892387
5904.74088573456  1.005808
5904.75829571486  1.002444
5904.77570569516  1.002666
5904.79311567546  1.005426
5904.81052565575  1.01295
5904.82793563605  1.033793
5904.84534561635  1.048324
5904.86275559664  1.014597
5904.88016557694  1.016816
5904.89757555724  0.9760323
5904.91498553753  1.033473
5904.93239551783  1.013041
5904.94980549813  1.002845
5904.96721547843  0.9874525
5904.98462545872  0.9899127
5905.00203543902  0.9995671
5905.01944541932  0.9920898
5905.03685539961  0.9727605
5905.05426537991  0.9933316
5905.07167536021  0.9897366
5905.08908534051  0.9925928
5905.1064953208  0.9707768
5905.1239053011  0.9815467
5905.1413152814  1.026481
5905.15872526169  1.05552
5905.17613524199  1.006205
5905.19354522229  0.9409544
5905.21095520259  0.9801215
5905.22836518288  0.9851851
5905.24577516318  1.000025
5905.26318514348  0.9775651
5905.28059512377  1.000065
5905.29800510407  1.016507
5905.31541508437  0.9923431
5905.33282506466  0.9531705
5905.35023504496  0.9522261
5905.36764502526  0.9681439
5905.38505500555  1.008829
5905.40246498585  0.9633567
5905.41987496615  1.000951
5905.43728494645  1.01256
5905.45469492674  1.026453
5905.47210490704  1.022599
5905.48951488734  0.983025
5905.50692486763  0.9743947
5905.52433484793  0.995667
5905.54174482823  1.032122
5905.55915480853  1.010143
5905.57656478882  1.034115
5905.59397476912  1.019307
5905.61138474942  1.022122
5905.62879472971  1.062566
5905.64620471001  1.026112
5905.66361469031  1.015654
5905.6810246706  1.039622
5905.6984346509  1.007149
5905.7158446312  1.002776
5905.7332546115  1.01846
5905.75066459179  0.9797894
5905.76807457209  0.9684886
5905.78548455239  0.9958053
5905.80289453269  1.010756
5905.82030451298  1.023025
5905.83771449328  1.027176
5905.85512447358  1.044541
5905.87253445387  0.9991706
5905.88994443417  1.022653
5905.90735441447  0.9927767
5905.92476439477  0.98212
5905.94217437506  0.9804944
5905.95958435536  0.9787068
5905.97699433566  0.9769942
5905.99440431595  1.006365
5906.01181429625  0.9984965
5906.02922427655  1.051495
5906.04663425684  1.018293
5906.06404423714  0.9817936
5906.08145421744  0.973805
5906.09886419774  0.9955497
5906.11627417803  1.022923
5906.13368415833  0.9994966
5906.15109413863  0.9868625
5906.16850411893  0.9950312
5906.18591409922  0.9694951
5906.20332407952  0.9969496
5906.22073405982  1.007534
5906.23814404011  1.010278
5906.25555402041  1.00465
5906.27296400071  1.001622
5906.290373981  1.008272
5906.3077839613  0.9995076
5906.3251939416  0.9545904
5906.3426039219  0.9841095
5906.36001390219  0.9686214
5906.37742388249  1.0279
5906.39483386279  1.032117
5906.41224384308  1.026054
5906.42965382338  0.9859201
5906.44706380368  0.9796838
5906.46447378397  0.9977244
5906.48188376427  0.9793605
5906.49929374457  0.9858493
5906.51670372487  1.005218
5906.53411370516  1.015197
5906.55152368546  1.018867
5906.56893366576  0.9991819
5906.58634364605  1.027954
5906.60375362635  1.005806
5906.62116360665  1.016985
5906.63857358694  1.022231
5906.65598356724  1.080357
5906.67339354754  1.074212
5906.69080352784  1.016135
5906.70821350813  0.9953273
5906.72562348843  1.001125
5906.74303346873  0.9891541
5906.76044344903  0.9542491
5906.77785342932  0.98761
5906.79526340962  1.003579
5906.81267338992  1.013053
5906.83008337021  1.003672
5906.84749335051  0.9851111
5906.86490333081  0.9940283
5906.88231331111  1.008978
5906.8997232914  0.9917438
5906.9171332717  1.022698
5906.934543252  1.015476
5906.95195323229  0.9986148
5906.96936321259  1.025232
5906.98677319289  1.028133
5907.00418317318  1.015295
5907.02159315348  0.9790384
5907.03900313378  0.9907966
5907.05641311408  1.01068
5907.07382309437  1.02307
5907.09123307467  0.9772734
5907.10864305497  1.012478
5907.12605303527  1.015914
5907.14346301556  1.023639
5907.16087299586  1.056353
5907.17828297615  0.9810584
5907.19569295645  0.9691684
5907.21310293675  0.9927868
5907.23051291705  0.9823343
5907.24792289734  0.9639735
5907.26533287764  0.9792108
5907.28274285794  0.9990105
5907.30015283824  0.9665292
5907.31756281853  0.9862382
5907.33497279883  0.9709153
5907.35238277913  0.982395
5907.36979275942  1.007056
5907.38720273972  1.007952
5907.40461272002  0.9984845
5907.42202270031  0.9456128
5907.43943268061  0.9998865
5907.45684266091  1.004266
5907.47425264121  0.9755383
5907.4916626215  0.9900853
5907.5090726018  0.968673
5907.5264825821  0.9669701
5907.5438925624  0.9784188
5907.56130254269  1.002486
5907.57871252299  0.9742985
5907.59612250329  1.042395
5907.61353248358  1.038297
5907.63094246388  1.02532
5907.64835244418  1.025315
5907.66576242447  1.038103
5907.68317240477  0.9636561
5907.70058238507  0.996592
5907.71799236537  1.040652
5907.73540234566  0.9781473
5907.75281232596  0.9977993
5907.77022230626  1.007625
5907.78763228655  0.9959494
5907.80504226685  0.9515237
5907.82245224715  0.9476061
5907.83986222745  0.9639374
5907.85727220774  0.9082497
5907.87468218804  0.9648384
5907.89209216834  1.007711
5907.90950214863  0.9944286
5907.92691212893  1.001504
5907.94432210923  1.046325
5907.96173208952  1.02703
5907.97914206982  0.9918583
5907.99655205012  1.024437
5908.01396203042  1.002501
5908.03137201071  1.006916
5908.04878199101  1.018819
5908.06619197131  1.023923
5908.0836019516  1.013059
5908.1010119319  0.9908959
5908.1184219122  0.9961232
5908.1358318925  0.9924211
5908.15324187279  1.001309
5908.17065185309  0.9667906
5908.18806183339  1.012964
5908.20547181368  0.9345552
5908.22288179398  0.9432589
5908.24029177428  0.9769386
5908.25770175458  1.014594
5908.27511173487  1.037102
5908.29252171517  1.017427
5908.30993169547  1.012336
5908.32734167576  1.005477
5908.34475165606  1.006122
5908.36216163636  0.9935988
5908.37957161665  0.9769123
5908.39698159695  0.9906671
5908.41439157725  1.000745
5908.43180155755  0.9936405
5908.44921153784  0.9697398
5908.46662151814  1.004766
5908.48403149844  1.016683
5908.50144147873  0.9946453
5908.51885145903  1.004839
5908.53626143933  0.9810829
5908.55367141962  1.005216
5908.57108139992  1.011248
5908.58849138022  0.9764565
5908.60590136052  0.9634661
5908.62331134081  0.9817129
5908.64072132111  0.9742111
5908.65813130141  0.9830999
5908.67554128171  1.015593
5908.692951262  0.9613312
5908.7103612423  0.9717847
5908.7277712226  0.9971541
5908.74518120289  1.005165
5908.76259118319  1.006589
5908.78000116349  0.9977515
5908.79741114378  1.010893
5908.81482112408  0.9598095
5908.83223110438  1.009916
5908.84964108468  1.001267
5908.86705106497  0.9866994
5908.88446104527  0.9823043
5908.90187102557  0.9607055
5908.91928100586  0.9512255
5908.93669098616  0.9631923
5908.95410096646  0.9774103
5908.97151094676  0.9442927
5908.98892092705  0.944487
5909.00633090735  0.9750686
5909.02374088765  0.9559021
5909.04115086794  0.9508235
5909.05856084824  0.9423429
5909.07597082854  1.000452
5909.09338080883  1.028582
5909.11079078913  1.009414
5909.12820076943  0.9952273
5909.14561074973  1.005715
5909.16302073002  0.9804912
5909.18043071032  1.000586
5909.19784069062  1.002482
5909.21525067092  0.9897582
5909.23266065121  0.9819276
5909.25007063151  1.002376
5909.26748061181  0.9905564
5909.2848905921  0.9861196
5909.3023005724  0.9815562
5909.3197105527  1.008365
5909.33712053299  0.9713916
5909.35453051329  0.9872578
5909.37194049359  0.9634714
5909.38935047389  0.9927335
5909.40676045418  1.003418
5909.42417043448  0.959953
5909.44158041478  0.9500844
5909.45899039507  0.9735112
5909.47640037537  0.9905445
5909.49381035567  0.9822143
5909.51122033597  1.015852
5909.52863031626  1.014226
5909.54604029656  1.035131
5909.56345027686  1.04387
5909.58086025715  1.001995
5909.59827023745  1.023106
5909.61568021775  0.9996251
5909.63309019804  0.958479
5909.65050017834  0.9414957
5909.66791015864  1.001651
5909.68532013894  1.01586
5909.70273011923  0.9493391
5909.72014009953  0.9800621
5909.73755007983  1.002681
5909.75496006013  0.9600226
5909.77237004042  1.015074
5909.78978002072  0.9880738
5909.80719000102  0.9814644
5909.82459998131  0.9963475
5909.84200996161  1.02145
5909.85941994191  0.9728209
5909.8768299222  0.9487083
5909.8942399025  0.9671851
5909.9116498828  0.9659821
5909.9290598631  0.9960369
5909.94646984339  0.9824635
5909.96387982369  0.9453731
5909.98128980399  0.9753568
5909.99869978428  0.9764594
5910.01610976458  0.9772975
5910.03351974488  0.9786994
5910.05092972518  0.9843267
5910.06833970547  0.9646901
5910.08574968577  0.9742377
5910.10315966607  0.9888287
5910.12056964636  1.006063
5910.13797962666  0.9865647
5910.15538960696  0.9768096
5910.17279958725  0.9319706
5910.19020956755  0.9629937
5910.20761954785  0.9987931
5910.22502952815  0.9744995
5910.24243950844  0.9847147
5910.25984948874  0.9961865
5910.27725946904  0.9375826
5910.29466944933  0.9442293
5910.31207942963  0.9630571
5910.32948940993  0.9881158
5910.34689939023  0.9618351
5910.36430937052  0.9864136
5910.38171935082  0.9771698
5910.39912933112  0.9673558
5910.41653931141  0.9830821
5910.43394929171  0.9763159
5910.45135927201  0.9732812
5910.4687692523  0.9752972
5910.4861792326  0.9929187
5910.5035892129  1.006531
5910.5209991932  1.037389
5910.53840917349  0.9950088
5910.55581915379  0.975863
5910.57322913409  0.9678572
5910.59063911439  0.9787269
5910.60804909468  0.9730675
5910.62545907498  0.9722419
5910.64286905528  0.9789163
5910.66027903557  0.9791117
5910.67768901587  0.9822946
5910.69509899617  0.9649009
5910.71250897647  0.9691333
5910.72991895676  0.9588009
5910.74732893706  1.002107
5910.76473891736  0.977362
5910.78214889765  0.9640499
5910.79955887795  0.9976358
5910.81696885825  0.9831685
5910.83437883854  0.9867764
5910.85178881884  0.9928186
5910.86919879914  0.9972728
5910.88660877944  1.014203
5910.90401875973  0.9889129
5910.92142874003  0.994029
5910.93883872033  0.9938581
5910.95624870062  0.9847522
5910.97365868092  0.9807037
5910.99106866122  0.9814317
5911.00847864152  1.027891
5911.02588862181  1.014395
5911.04329860211  0.9960916
5911.06070858241  0.9992203
5911.0781185627  1.024608
5911.095528543  1.034804
5911.1129385233  0.9804688
5911.1303485036  1.014762
5911.14775848389  1.006839
5911.16516846419  0.9946904
5911.18257844449  0.9717197
5911.19998842478  1.003772
5911.21739840508  1.025483
5911.23480838538  1.011912
5911.25221836567  1.014447
5911.26962834597  1.036953
5911.28703832627  1.006142
5911.30444830656  0.9677129
5911.32185828686  0.9797934
5911.33926826716  1.023537
5911.35667824746  1.045926
5911.37408822775  0.9776809
5911.39149820805  1.026729
5911.40890818835  1.041721
5911.42631816865  1.037927
5911.44372814894  0.9562521
5911.46113812924  0.9756333
5911.47854810954  0.9643429
5911.49595808983  0.9974298
5911.51336807013  1.003464
5911.53077805043  1.024766
5911.54818803072  1.046561
5911.56559801102  1.056961
5911.58300799132  1.041274
5911.60041797161  0.993548
5911.61782795191  0.9952177
5911.63523793221  1.023827
5911.65264791251  1.005406
5911.6700578928  0.9954263
5911.6874678731  0.9873822
5911.7048778534  1.02005
5911.7222878337  1.01988
5911.73969781399  0.9816591
5911.75710779429  1.000489
5911.77451777459  1.019946
5911.79192775488  1.050873
5911.80933773518  0.9792456
5911.82674771548  0.9795398
5911.84415769578  1.002009
5911.86156767607  1.018822
5911.87897765637  1.007478
5911.89638763667  1.036015
5911.91379761696  1.019708
5911.93120759726  1.025331
5911.94861757756  1.026
5911.96602755785  1.034978
5911.98343753815  0.9972518
5912.00084751845  0.9877058
5912.01825749875  1.003116
5912.03566747904  0.9990341
5912.05307745934  0.9763789
5912.07048743964  0.9813025
5912.08789741993  0.9973928
5912.10530740023  0.981225
5912.12271738053  0.9911415
5912.14012736083  0.9690953
5912.15753734112  0.9574432
5912.17494732142  1.020497
5912.19235730172  1.000173
5912.20976728201  1.01588
5912.22717726231  0.9679714
5912.24458724261  0.9856132
5912.26199722291  0.9933243
5912.2794072032  1.011838
5912.2968171835  0.9924481
5912.3142271638  0.9850091
5912.33163714409  0.9610071
5912.34904712439  1.022658
5912.36645710469  1.048157
5912.38386708499  1.025733
5912.40127706528  1.02804
5912.41868704558  1.020846
5912.43609702588  1.043459
5912.45350700617  1.025941
5912.47091698647  1.048312
5912.48832696677  0.9884935
5912.50573694706  0.9765706
5912.52314692736  0.9839305
5912.54055690766  0.9951252
5912.55796688796  1.000495
5912.57537686825  1.001982
5912.59278684855  0.9758281
5912.61019682885  0.9722122
5912.62760680915  0.9579469
5912.64501678944  0.9551492
5912.66242676974  0.931658
5912.67983675004  0.9616155
5912.69724673033  1.013972
5912.71465671063  1.019807
5912.73206669093  1.01034
5912.74947667122  0.9773984
5912.76688665152  0.987554
5912.78429663182  1.009556
5912.80170661212  1.023327
5912.81911659241  1.015067
5912.83652657271  1.009094
5912.85393655301  0.9956515
5912.8713465333  0.9989343
5912.8887565136  1.012186
5912.9061664939  0.9800698
5912.92357647419  0.9321344
5912.94098645449  0.9232556
5912.95839643479  0.9362795
5912.97580641509  0.9566074
5912.99321639538  0.9598956
5913.01062637568  0.9372935
5913.02803635598  0.9734571
5913.04544633627  0.9710439
5913.06285631657  0.9511041
5913.08026629687  0.9807906
5913.09767627717  0.9768549
5913.11508625746  0.9838148
5913.13249623776  0.9788557
5913.14990621806  0.9914666
5913.16731619835  0.9986914
5913.18472617865  1.00455
5913.20213615895  0.982823
5913.21954613925  1.000496
5913.23695611954  1.005209
5913.25436609984  1.003668
5913.27177608014  1.004784
5913.28918606043  0.9823362
5913.30659604073  0.9593225
5913.32400602103  0.9614337
5913.34141600133  0.969327
5913.35882598162  0.9983975
5913.37623596192  0.9866613
5913.39364594222  1.006667
5913.41105592251  0.9867771
5913.42846590281  1.003617
5913.44587588311  0.9932879
5913.4632858634  1.045259
5913.4806958437  1.012541
5913.498105824  0.985516
5913.5155158043  0.9719332
5913.53292578459  0.9912851
5913.55033576489  0.999432
5913.56774574519  0.9857095
5913.58515572548  0.9859361
5913.60256570578  1.03933
5913.61997568608  1.038829
5913.63738566638  1.014934
5913.65479564667  0.993494
5913.67220562697  0.9948481
5913.68961560727  0.988672
5913.70702558756  0.9689881
5913.72443556786  0.9771968
5913.74184554816  0.997894
5913.75925552846  0.9981705
5913.77666550875  1.039799
5913.79407548905  0.9920144
5913.81148546935  0.9632812
5913.82889544964  0.938921
5913.84630542994  0.9792129
5913.86371541024  0.9711987
5913.88112539053  1.006524
5913.89853537083  1.020042
5913.91594535113  1.014037
5913.93335533143  1.011167
5913.95076531172  0.9862106
5913.96817529202  0.9672602
5913.98558527232  0.9774927
5914.00299525261  1.005796
5914.02040523291  0.9866777
5914.03781521321  1.00003
5914.05522519351  0.9795235
5914.0726351738  0.9749484
5914.0900451541  0.9897906
5914.1074551344  0.9750233
5914.12486511469  0.9523435
5914.14227509499  0.9647576
5914.15968507529  0.9646025
5914.17709505559  0.9585245
5914.19450503588  0.9722123
5914.21191501618  0.9638082
5914.22932499648  0.9663033
5914.24673497677  0.9743946
5914.26414495707  0.9685431
5914.28155493737  0.9652663
5914.29896491766  0.9746512
5914.31637489796  0.976913
5914.33378487826  1.00907
5914.35119485856  1.021138
5914.36860483885  1.003593
5914.38601481915  1.017827
5914.40342479945  1.010508
5914.42083477974  0.9594675
5914.43824476004  0.9740748
5914.45565474034  0.9963959
5914.47306472064  0.9857735
5914.49047470093  0.9822554
5914.50788468123  0.9817857
5914.52529466153  0.9856848
5914.54270464183  0.9918699
5914.56011462212  1.009937
5914.57752460242  1.021763
5914.59493458271  0.9745839
5914.61234456301  0.9745814
5914.62975454331  1.017548
5914.64716452361  0.9965291
5914.6645745039  1.009214
5914.6819844842  1.034479
5914.6993944645  1.045343
5914.7168044448  1.016269
5914.73421442509  1.010863
5914.75162440539  0.98658
5914.76903438569  1.033652
5914.78644436598  1.039259
5914.80385434628  0.9931129
5914.82126432658  0.9846024
5914.83867430687  0.980002
5914.85608428717  0.9442635
5914.87349426747  0.9667727
5914.89090424777  0.9590315
5914.90831422806  0.980026
5914.92572420836  0.9622901
5914.94313418866  0.9866251
5914.96054416896  0.9460172
5914.97795414925  0.9970711
5914.99536412955  1.020935
5915.01277410984  1.016111
5915.03018409014  0.9869792
5915.04759407044  0.9638253
5915.06500405074  1.005192
5915.08241403103  1.004504
5915.09982401133  0.9848512
5915.11723399163  1.006136
5915.13464397193  1.009215
5915.15205395222  0.9861857
5915.16946393252  0.9791738
5915.18687391282  1.088913
5915.20428389311  1.101607
5915.22169387341  1.04649
5915.23910385371  1.205761
5915.256513834  1.183271
5915.2739238143  1.196371
5915.2913337946  1.0775
5915.3087437749  1.073907
5915.32615375519  1.041038
5915.34356373549  1.011707
5915.36097371579  1.002513
5915.37838369608  0.9732431
5915.39579367638  0.9883721
5915.41320365668  0.9653032
5915.43061363698  0.9679759
5915.44802361727  0.981127
5915.46543359757  0.9393992
5915.48284357787  0.9719359
5915.50025355816  0.9877408
5915.51766353846  0.9944328
5915.53507351876  1.013701
5915.55248349905  1.046562
5915.56989347935  0.994982
5915.58730345965  0.9504929
5915.60471343995  0.9587723
5915.62212342024  0.9489868
5915.63953340054  0.9394049
5915.65694338084  0.9523665
5915.67435336114  0.9697057
5915.69176334143  1.003469
5915.70917332173  0.9794653
5915.72658330203  1.039775
5915.74399328232  1.033108
5915.76140326262  1.004954
5915.77881324292  1.006652
5915.79622322321  1.038813
5915.81363320351  1.047318
5915.83104318381  0.9949861
5915.84845316411  1.00373
5915.8658631444  1.04565
5915.8832731247  1.009955
5915.900683105  0.9962521
5915.91809308529  0.9850165
5915.93550306559  0.9502435
5915.95291304589  0.9959745
5915.97032302619  1.001794
5915.98773300648  1.007041
5916.00514298678  0.9662676
5916.02255296708  1.005684
5916.03996294737  1.043123
5916.05737292767  1.015991
5916.07478290797  1.003068
5916.09219288827  1.001634
5916.10960286856  1.013996
5916.12701284886  1.002376
5916.14442282916  0.9894215
5916.16183280945  0.9725754
5916.17924278975  1.014176
5916.19665277005  1.029652
5916.21406275034  0.9986997
5916.23147273064  0.9845306
5916.24888271094  0.9877652
5916.26629269124  0.9886295
5916.28370267153  0.9839962
5916.30111265183  0.9601041
5916.31852263213  0.9725198
5916.33593261243  1.022422
5916.35334259272  0.9842593
5916.37075257302  0.967146
5916.38816255331  1.026987
5916.40557253361  1.005747
5916.42298251391  0.9520949
5916.44039249421  0.9728703
5916.4578024745  0.9984242
5916.4752124548  1.014962
5916.4926224351  1.009297
5916.51003241539  0.9809607
5916.52744239569  0.9819921
5916.54485237599  0.9906908
5916.56226235629  0.989496
5916.57967233658  1.01143
5916.59708231688  1.022486
5916.61449229718  0.9701718
5916.63190227748  0.9709557
5916.64931225777  0.9772956
5916.66672223807  0.9882419
5916.68413221837  0.9874142
5916.70154219866  0.9728857
5916.71895217896  0.9888139
5916.73636215926  0.9880685
5916.75377213955  0.9908051
5916.77118211985  1.008549
5916.78859210015  0.9808988
5916.80600208045  0.9856974
5916.82341206074  1.013208
5916.84082204104  0.9979662
5916.85823202134  0.9631544
5916.87564200163  0.9722158
5916.89305198193  0.9835339
5916.91046196223  0.9665396
5916.92787194253  1.01177
5916.94528192282  0.9934086
5916.96269190312  1.002455
5916.98010188342  0.9952984
5916.99751186371  0.9959418
5917.01492184401  1.016189
5917.03233182431  1.009021
5917.04974180461  1.027774
5917.0671517849  1.013592
5917.0845617652  1.009074
5917.1019717455  0.9795872
5917.11938172579  0.9683672
5917.13679170609  0.9698086
5917.15420168639  0.9611812
5917.17161166668  0.9352972
5917.18902164698  0.9484496
5917.20643162728  0.9572428
5917.22384160758  0.9973113
5917.24125158787  0.9809793
5917.25866156817  0.9634926
5917.27607154847  0.932568
5917.29348152876  0.9338787
5917.31089150906  0.9711089
5917.32830148936  0.9886722
5917.34571146966  0.9631715
5917.36312144995  0.940198
5917.38053143025  0.926232
5917.39794141055  0.944643
5917.41535139084  0.9231252
5917.43276137114  0.9390649
5917.45017135144  0.9506044
5917.46758133174  0.968448
5917.48499131203  0.9572216
5917.50240129233  0.9582435
5917.51981127262  0.9539816
5917.53722125292  1.012142
5917.55463123322  0.9802449
5917.57204121352  0.9694897
5917.58945119381  0.9892144
5917.60686117411  1.002177
5917.62427115441  0.9915594
5917.64168113471  0.9891777
5917.659091115  1.013336
5917.6765010953  0.9958005
5917.6939110756  0.9758685
5917.71132105589  0.972262
5917.72873103619  0.9841589
5917.74614101649  0.9886189
5917.76355099679  0.9899948
5917.78096097708  0.9430685
5917.79837095738  0.9421238
5917.81578093768  0.9544475
5917.83319091797  0.9867364
5917.85060089827  1.005957
5917.86801087857  0.9854889
5917.88542085886  0.9180657
5917.90283083916  0.9516993
5917.92024081946  0.9767887
5917.93765079976  0.9663008
5917.95506078005  0.9328979
5917.97247076035  0.9761335
5917.98988074065  0.9845117
5918.00729072095  0.9761103
5918.02470070124  0.9715816
5918.04211068154  0.9543087
5918.05952066184  0.9901182
5918.07693064213  0.9736072
5918.09434062243  0.9782547
5918.11175060273  0.991541
5918.12916058302  0.9913826
5918.14657056332  0.9658214
5918.16398054362  0.9730468
5918.18139052392  0.9815108
5918.19880050421  0.9644524
5918.21621048451  0.9777254
5918.23362046481  0.9838396
5918.2510304451  0.9786704
5918.2684404254  0.9700119
5918.2858504057  0.9798112
5918.30326038599  0.978624
5918.32067036629  1.000165
5918.33808034659  0.9439264
5918.35549032689  0.9377736
5918.37290030718  0.911398
5918.39031028748  0.8866882
5918.40772026778  0.8833938
5918.42513024808  0.9088948
5918.44254022837  0.8987445
5918.45995020867  0.9201643
5918.47736018897  0.9610921
5918.49477016926  0.9622408
5918.51218014956  0.9586428
5918.52959012986  0.9789478
5918.54700011015  0.9610214
5918.56441009045  0.9666713
5918.58182007075  0.9521508
5918.59923005105  0.9729256
5918.61664003134  1.007551
5918.63405001164  0.9858881
5918.65145999194  0.9876656
5918.66886997223  1.009657
5918.68627995253  1.011262
5918.70368993283  1.024171
5918.72109991313  0.9947684
5918.73850989342  0.9919106
5918.75591987372  0.9766026
5918.77332985402  0.9757668
5918.79073983431  1.027059
5918.80814981461  0.9976299
5918.82555979491  1.014817
5918.84296977521  0.973028
5918.8603797555  0.9810147
5918.8777897358  0.9453968
5918.8951997161  0.9541496
5918.91260969639  0.9589388
5918.93001967669  0.9351285
5918.94742965699  0.9508538
5918.96483963729  0.9237523
5918.98224961758  0.9326547
5918.99965959788  0.9143846
5919.01706957818  0.9213482
5919.03447955847  0.9001468
5919.05188953877  0.8751413
5919.06929951907  0.8976116
5919.08670949936  0.9214754
5919.10411947966  0.9539766
5919.12152945996  0.9489097
5919.13893944026  0.9503995
5919.15634942055  0.9421016
5919.17375940085  0.9563401
5919.19116938115  0.9758534
5919.20857936144  0.9653421
5919.22598934174  0.9748623
5919.24339932204  0.986362
5919.26080930233  0.9796672
5919.27821928263  0.9910487
5919.29562926293  0.997158
5919.31303924323  0.9933551
5919.33044922352  0.9637681
5919.34785920382  1.000699
5919.36526918412  0.9603091
5919.38267916441  0.9275378
5919.40008914471  0.9695172
5919.41749912501  0.9605296
5919.43490910531  0.9602263
5919.4523190856  0.983819
5919.4697290659  0.9983025
5919.4871390462  0.9851013
5919.50454902649  0.9705219
5919.52195900679  0.9506742
5919.53936898709  0.9338103
5919.55677896739  0.9192095
5919.57418894768  0.9284271
5919.59159892798  0.8865302
5919.60900890828  0.8488137
5919.62641888857  0.8825362
5919.64382886887  0.8664098
5919.66123884917  0.8524281
5919.67864882947  0.8880243
5919.69605880976  0.8872461
5919.71346879006  0.9116637
5919.73087877036  0.9344427
5919.74828875065  0.9313419
5919.76569873095  0.9427005
5919.78310871125  0.9500873
5919.80051869154  0.9483876
5919.81792867184  0.9693418
5919.83533865214  0.9681361
5919.85274863244  0.9516909
5919.87015861273  0.9234604
5919.88756859303  0.9423473
5919.90497857333  0.9536549
5919.92238855362  0.9228196
5919.93979853392  0.8796366
5919.95720851422  0.9326571
5919.97461849452  0.924697
5919.99202847481  0.9318097
5920.00943845511  0.9096563
5920.02684843541  0.8961893
5920.0442584157  0.8870742
5920.061668396  0.8767237
5920.0790783763  0.8513882
5920.0964883566  0.8762162
5920.11389833689  0.8919764
5920.13130831719  0.8607184
5920.14871829749  0.8288574
5920.16612827778  0.8306252
5920.18353825808  0.8342561
5920.20094823838  0.825738
5920.21835821867  0.8357388
5920.23576819897  0.8475109
5920.25317817927  0.8341725
5920.27058815957  0.8220628
5920.28799813986  0.8095957
5920.30540812016  0.8335857
5920.32281810046  0.8287622
5920.34022808075  0.8123362
5920.35763806105  0.8266137
5920.37504804135  0.8244805
5920.39245802165  0.8224121
5920.40986800194  0.8144584
5920.42727798224  0.8277523
5920.44468796254  0.8263299
5920.46209794283  0.8478754
5920.47950792313  0.8024009
5920.49691790343  0.8073881
5920.51432788372  0.828198
5920.53173786402  0.7970444
5920.54914784432  0.7845972
5920.56655782462  0.8028298
5920.58396780491  0.7990955
5920.60137778521  0.7793543
5920.61878776551  0.7685784
5920.63619774581  0.7879649
5920.6536077261  0.8156657
5920.6710177064  0.8309556
5920.6884276867  0.8169664
5920.70583766699  0.8062986
5920.72324764729  0.8047462
5920.74065762759  0.8325612
5920.75806760789  0.8310657
5920.77547758818  0.8396755
5920.79288756848  0.8289429
5920.81029754878  0.7851768
5920.82770752907  0.7668232
5920.84511750937  0.7809657
5920.86252748967  0.7747924
5920.87993746996  0.7532038
5920.89734745026  0.7292576
5920.91475743056  0.7198798
5920.93216741086  0.7043474
5920.94957739115  0.6781799
5920.96698737145  0.6512811
5920.98439735175  0.6540155
5921.00180733204  0.6554568
5921.01921731234  0.6203172
5921.03662729264  0.6185179
5921.05403727294  0.5699736
5921.07144725323  0.5858749
5921.08885723353  0.6214764
5921.10626721383  0.6270825
5921.12367719412  0.6181856
5921.14108717442  0.611199
5921.15849715472  0.6208841
5921.17590713502  0.6625803
5921.19331711531  0.686481
5921.21072709561  0.6730186
5921.22813707591  0.6754479
5921.2455470562  0.6628097
5921.2629570365  0.6671004
5921.2803670168  0.6705006
5921.29777699709  0.6734599
5921.31518697739  0.6871718
5921.33259695769  0.6921225
5921.35000693799  0.696695
5921.36741691828  0.6863386
5921.38482689858  0.6903995
5921.40223687888  0.6742375
5921.41964685917  0.6935303
5921.43705683947  0.6879692
5921.45446681977  0.6597775
5921.47187680007  0.6722022
5921.48928678036  0.6904662
5921.50669676066  0.7257472
5921.52410674096  0.7124391
5921.54151672125  0.722066
5921.55892670155  0.7441093
5921.57633668185  0.726994
5921.59374666215  0.7524869
5921.61115664244  0.787475
5921.62856662274  0.7862794
5921.64597660304  0.7964763
5921.66338658333  0.8030762
5921.68079656363  0.830966
5921.69820654393  0.8450326
5921.71561652422  0.8750583
5921.73302650452  0.8684955
5921.75043648482  0.8460984
5921.76784646512  0.8325718
5921.78525644541  0.8203439
5921.80266642571  0.8341334
5921.82007640601  0.8317924
5921.8374863863  0.8253512
5921.8548963666  0.8289009
5921.8723063469  0.8471183
5921.8897163272  0.8479353
5921.90712630749  0.8046297
5921.92453628779  0.8097863
5921.94194626809  0.8041915
5921.95935624838  0.8045985
5921.97676622868  0.7869307
5921.99417620898  0.7845598
5922.01158618928  0.7947138
5922.02899616957  0.7784675
5922.04640614987  0.8172362
5922.06381613017  0.8145473
5922.08122611046  0.7968951
5922.09863609076  0.7982327
5922.11604607106  0.791857
5922.13345605135  0.7340359
5922.15086603165  0.6866724
5922.16827601195  0.6480275
5922.18568599225  0.5831103
5922.20309597254  0.5315306
5922.22050595284  0.4886943
5922.23791593314  0.4417813
5922.25532591343  0.3722395
5922.27273589373  0.3352708
5922.29014587403  0.303777
5922.30755585433  0.2465269
5922.32496583462  0.1855529
5922.34237581492  0.1325535
5922.35978579522  0.07936526
5922.37719577552  0.07617489
5922.39460575581  0.06250006
5922.41201573611  0.03079621
5922.4294257164  0.01765426
5922.4468356967  0.008854291
5922.464245677  0.004348587
5922.4816556573  0.004703602
5922.49906563759  0.00126183
5922.51647561789  0.005930554
5922.53388559819  0.00969301
5922.55129557849  0.02196668
5922.56870555878  0.01299702
5922.58611553908  0.003740354
5922.60352551938  0.005065131
5922.62093549967  6.348275E-4
5922.63834547997  0.001371237
5922.65575546027  -0.008245735
5922.67316544056  -0.003492224
5922.69057542086  -5.434471E-4
5922.70798540116  0.001908093
5922.72539538146  0.0060801
5922.74280536175  9.015044E-4
5922.76021534205  0.001928578
5922.77762532235  -0.008354184
5922.79503530264  -7.188371E-4
5922.81244528294  0.009486742
5922.82985526324  0.02471741
5922.84726524353  0.05504889
5922.86467522383  0.09675876
5922.88208520413  0.167161
5922.89949518443  0.2798301
5922.91690516472  0.3914849
5922.93431514502  0.4681298
5922.95172512532  0.5983244
5922.96913510562  0.7184573
5922.98654508591  0.7777109
5923.00395506621  0.887251
5923.02136504651  0.921587
5923.0387750268  0.9536753
5923.0561850071  0.9740774
5923.0735949874  0.9663875
5923.09100496769  0.9778208
5923.10841494799  0.9731472
5923.12582492829  0.911662
5923.14323490859  0.9339685
5923.16064488888  0.9523094
5923.17805486918  0.9380246
5923.19546484948  0.913533
5923.21287482977  0.9230669
5923.23028481007  0.9530474
5923.24769479037  0.963505
5923.26510477067  0.9628776
5923.28251475096  0.9614623
5923.29992473126  0.955479
5923.31733471156  0.9590892
5923.33474469185  0.9688904
5923.35215467215  0.9739566
5923.36956465245  0.9510233
5923.38697463274  0.9460412
5923.40438461304  0.9365057
5923.42179459334  0.9932919
5923.43920457364  0.9771402
5923.45661455393  0.9698225
5923.47402453423  0.9375198
5923.49143451453  0.9717591
5923.50884449483  0.9615636
5923.52625447512  0.966684
5923.54366445542  0.9618946
5923.56107443572  0.9585577
5923.57848441601  0.9388885
5923.59589439631  0.9594454
5923.61330437661  0.9543657
5923.6307143569  0.9443557
5923.6481243372  0.9330247
5923.6655343175  0.9416271
5923.6829442978  0.9404157
5923.70035427809  0.9154463
5923.71776425839  0.9435724
5923.73517423869  0.9201521
5923.75258421898  0.9011163
5923.76999419928  0.9319976
5923.78740417958  0.9416716
5923.80481415987  0.9175192
5923.82222414017  0.9095333
5923.83963412047  0.9205999
5923.85704410077  0.9663049
5923.87445408106  0.9627059
5923.89186406136  0.972761
5923.90927404166  0.9725414
5923.92668402195  0.9696732
5923.94409400225  0.9648839
5923.96150398255  1.018814
5923.97891396285  0.9608192
5923.99632394314  0.9609063
5924.01373392344  0.9707902
5924.03114390374  0.9491236
5924.04855388403  0.9640212
5924.06596386433  0.9710013
5924.08337384463  0.9836433
5924.10078382493  0.987853
5924.11819380522  1.000601
5924.13560378552  0.9543451
5924.15301376582  0.9612975
5924.17042374611  0.9797426
5924.18783372641  0.9707841
5924.20524370671  0.9241297
5924.22265368701  0.9006255
5924.2400636673  0.8903233
5924.2574736476  0.9003111
5924.2748836279  0.9022903
5924.2922936082  0.9235003
5924.30970358849  0.9404938
5924.32711356879  0.9661152
5924.34452354908  0.9677128
5924.36193352938  0.9831263
5924.37934350968  0.9649954
5924.39675348998  0.9557685
5924.41416347027  0.9733183
5924.43157345057  0.9854114
5924.44898343087  0.9891987
5924.46639341116  1.009891
5924.48380339146  0.9652113
5924.50121337176  0.9796602
5924.51862335206  0.9773315
5924.53603333235  0.9733878
5924.55344331265  0.966122
5924.57085329295  0.9881145
5924.58826327324  1.022874
5924.60567325354  1.021892
5924.62308323384  1.045234
5924.64049321414  1.053763
5924.65790319443  1.049569
5924.67531317473  1.02466
5924.69272315503  1.003895
5924.71013313532  0.9814861
5924.72754311562  0.9700568
5924.74495309592  1.009964
5924.76236307621  1.015401
5924.77977305651  1.00151
5924.79718303681  1.008388
5924.81459301711  0.9668823
5924.8320029974  0.9434009
5924.8494129777  0.9729397
5924.866822958  0.9817705
5924.8842329383  0.9649048
5924.90164291859  0.970111
5924.91905289889  0.9676412
5924.93646287919  0.986106
5924.95387285948  0.9697425
5924.97128283978  0.9421054
5924.98869282008  0.937295
5925.00610280037  0.9452434
5925.02351278067  0.9214321
5925.04092276097  0.9534647
5925.05833274127  0.9731907
5925.07574272156  0.9201023
5925.09315270186  0.9665177
5925.11056268216  0.9942068
5925.12797266245  1.009118
5925.14538264275  0.9347169
5925.16279262305  0.9600907
5925.18020260335  1.031156
5925.19761258364  1.005452
5925.21502256394  1.026564
5925.23243254424  0.9920633
5925.24984252453  0.9715471
5925.26725250483  0.9970737
5925.28466248513  0.9987079
5925.30207246542  0.9862145
5925.31948244572  0.9914169
5925.33689242602  0.9663162
5925.35430240632  0.9821433
5925.37171238661  1.002687
5925.38912236691  0.9823489
5925.40653234721  0.9958986
5925.42394232751  0.9827608
5925.4413523078  0.9870514
5925.4587622881  1.005618
5925.4761722684  1.002621
5925.49358224869  1.007608
5925.51099222899  1.002487
5925.52840220929  0.9938423
5925.54581218958  0.9912893
5925.56322216988  0.9783151
5925.58063215018  1.004283
5925.59804213048  0.9892826
5925.61545211077  0.9659206
5925.63286209107  0.9721297
5925.65027207137  0.9720986
5925.66768205166  1.00529
5925.68509203196  1.019147
5925.70250201226  0.9703316
5925.71991199255  0.9700651
5925.73732197285  0.9568105
5925.75473195315  0.9536564
5925.77214193345  0.9767804
5925.78955191374  0.999988
5925.80696189404  0.9631957
5925.82437187434  0.952132
5925.84178185464  0.9721522
5925.85919183493  0.9520059
5925.87660181523  0.9716056
5925.89401179553  0.9709485
5925.91142177582  0.9668366
5925.92883175612  0.9179326
5925.94624173642  0.9385012
5925.96365171671  0.9159274
5925.98106169701  0.9058915
5925.99847167731  0.9379053
5926.01588165761  0.9467919
5926.0332916379  0.9564938
5926.0507016182  0.9262034
5926.0681115985  0.9078504
5926.08552157879  0.8847737
5926.10293155909  0.8893791
5926.12034153939  0.8768951
5926.13775151968  0.885311
5926.15516149998  0.9056613
5926.17257148028  0.8987359
5926.18998146058  0.9139305
5926.20739144087  0.914579
5926.22480142117  0.8868574
5926.24221140147  0.8888263
5926.25962138176  0.8808241
5926.27703136206  0.8932778
5926.29444134236  0.8823481
5926.31185132266  0.9075029
5926.32926130295  0.9405234
5926.34667128325  0.8865442
5926.36408126355  0.8899173
5926.38149124384  0.923388
5926.39890122414  0.9267357
5926.41631120444  0.9031999
5926.43372118473  0.9291073
5926.45113116503  0.877924
5926.46854114533  0.9422795
5926.48595112563  0.8957707
5926.50336110592  0.911832
5926.52077108622  0.9092693
5926.53818106652  0.8815548
5926.55559104682  0.8861581
5926.57300102711  0.9079247
5926.59041100741  0.8902072
5926.60782098771  0.8593665
5926.625230968  0.8892525
5926.6426409483  0.8932994
5926.6600509286  0.9047649
5926.67746090889  0.8965639
5926.69487088919  0.9127112
5926.71228086949  0.8954363
5926.72969084979  0.9076193
5926.74710083008  0.9187002
5926.76451081038  0.9013991
5926.78192079068  0.898802
5926.79933077097  0.8800433
5926.81674075127  0.8667505
5926.83415073157  0.8611975
5926.85156071187  0.8731797
5926.86897069216  0.9064986
5926.88638067246  0.8351341
5926.90379065276  0.8562003
5926.92120063305  0.8809007
5926.93861061335  0.8826322
5926.95602059365  0.7989104
5926.97343057395  0.7994395
5926.99084055424  0.7867033
5927.00825053454  0.7913959
5927.02566051484  0.7761227
5927.04307049513  0.774722
5927.06048047543  0.7655559
5927.07789045573  0.7573287
5927.09530043602  0.7565147
5927.11271041632  0.7710695
5927.13012039662  0.7788746
5927.14753037692  0.7739303
5927.16494035721  0.7818718
5927.18235033751  0.7917106
5927.19976031781  0.79835
5927.21717029811  0.7947035
5927.2345802784  0.8051124
5927.2519902587  0.8346089
5927.269400239  0.794404
5927.28681021929  0.798761
5927.30422019959  0.8113452
5927.32163017989  0.8161365
5927.33904016018  0.7985869
5927.35645014048  0.7985496
5927.37386012078  0.8030531
5927.39127010108  0.8231631
5927.40868008137  0.8230384
5927.42609006167  0.8377061
5927.44350004197  0.8499511
5927.46091002226  0.8134433
5927.47832000256  0.8169719
5927.49572998286  0.842123
5927.51313996316  0.8534584
5927.53054994345  0.8511772
5927.54795992375  0.8386064
5927.56536990405  0.8356466
5927.58277988434  0.8732399
5927.60018986464  0.8549155
5927.61759984494  0.8518883
5927.63500982523  0.8837609
5927.65241980553  0.9014096
5927.66982978583  0.8858588
5927.68723976613  0.8996967
5927.70464974642  0.8969355
5927.72205972672  0.8879321
5927.73946970702  0.9163566
5927.75687968731  0.9126135
5927.77428966761  0.8800343
5927.79169964791  0.884164
5927.80910962821  0.8984564
5927.8265196085  0.9087117
5927.8439295888  0.9051955
5927.8613395691  0.9028127
5927.87874954939  0.8980126
5927.89615952969  0.8969709
5927.91356950999  0.8904472
5927.93097949029  0.9051101
5927.94838947058  0.8737544
5927.96579945088  0.8718797
5927.98320943118  0.8612894
5928.00061941147  0.898499
5928.01802939177  0.883405
5928.03543937207  0.9039921
5928.05284935236  0.887872
5928.07025933266  0.8784543
5928.08766931296  0.8603241
5928.10507929326  0.8527792
5928.12248927355  0.8337635
5928.13989925385  0.8244109
5928.15730923415  0.8259284
5928.17471921445  0.7808646
5928.19212919474  0.713823
5928.20953917504  0.6556378
5928.22694915534  0.6307871
5928.24435913563  0.5973718
5928.26176911593  0.5702363
5928.27917909623  0.5414572
5928.29658907652  0.4407002
5928.31399905682  0.3966192
5928.33140903712  0.3282444
5928.34881901742  0.2276436
5928.36622899771  0.1643797
5928.38363897801  0.1260503
5928.40104895831  0.09271553
5928.4184589386  0.0814167
5928.4358689189  0.06209191
5928.4532788992  0.0518778
5928.4706888795  0.04419646
5928.48809885979  0.03861499
5928.50550884009  0.01535692
5928.52291882039  0.01502933
5928.54032880068  0.005287017
5928.55773878098  0.009283112
5928.57514876128  0.00951013
5928.59255874158  0.02155445
5928.60996872187  0.009943928
5928.62737870217  0.01190182
5928.64478868247  0.01644488
5928.66219866276  0.02108028
5928.67960864306  0.01855174
5928.69701862336  0.002108
5928.71442860365  0.0158107
5928.73183858395  0.008342922
5928.74924856425  0.01510977
5928.76665854454  0.02127444
5928.78406852484  0.03073058
5928.80147850514  0.02088707
5928.81888848544  0.04953228
5928.83629846573  0.06939483
5928.85370844603  0.09919524
5928.87111842633  0.1785329
5928.88852840663  0.2447182
5928.90593838692  0.3173785
5928.92334836722  0.4632373
5928.94075834752  0.5736531
5928.95816832781  0.6641854
5928.97557830811  0.7324043
5928.99298828841  0.8187972
5929.0103982687  0.8938477
5929.027808249  0.9352826
5929.0452182293  0.956425
5929.0626282096  0.9604915
5929.08003818989  0.9462386
5929.09744817019  0.9556175
5929.11485815049  0.9631554
5929.13226813078  0.9716132
5929.14967811108  0.9940793
5929.16708809138  1.060584
5929.18449807168  1.014387
5929.20190805197  1.002489
5929.21931803227  0.9741378
5929.23672801257  0.9821728
5929.25413799286  0.9977752
5929.27154797316  0.965938
5929.28895795346  0.9515268
5929.30636793376  0.940028
5929.32377791405  1.000144
5929.34118789435  0.9752089
5929.35859787465  0.9604662
5929.37600785494  0.997615
5929.39341783524  0.9743849
5929.41082781554  0.9514224
5929.42823779583  0.9902558
5929.44564777613  0.9932086
5929.46305775643  0.9455768
5929.48046773673  0.9656184
5929.49787771702  0.9824359
5929.51528769732  0.9646927
5929.53269767762  0.9811493
5929.55010765791  0.9646548
5929.56751763821  0.936558
5929.58492761851  0.9931348
5929.60233759881  0.9774567
5929.6197475791  0.9807711
5929.6371575594  0.997885
5929.6545675397  0.9640197
5929.67197751999  0.9581288
5929.68938750029  0.9670455
5929.70679748059  0.9889369
5929.72420746089  0.9863088
5929.74161744118  0.9761408
5929.75902742148  0.9443218
5929.77643740178  0.9590687
5929.79384738207  0.9730521
5929.81125736237  0.9749945
5929.82866734267  0.9712089
5929.84607732297  0.9693072
5929.86348730326  0.979577
5929.88089728356  0.9478667
5929.89830726386  0.9615571
5929.91571724415  0.9551681
5929.93312722445  0.986349
5929.95053720475  0.9856358
5929.96794718504  0.974132
5929.98535716534  0.9736723
5930.00276714564  0.9847798
5930.02017712594  0.9815022
5930.03758710623  0.9800104
5930.05499708653  0.9840217
5930.07240706683  1.010833
5930.08981704712  1.004135
5930.10722702742  0.9629865
5930.12463700772  0.9430773
5930.14204698801  0.9402707
5930.15945696831  0.9736096
5930.17686694861  0.9590865
5930.19427692891  0.9873645
5930.2116869092  0.9816878
5930.2290968895  0.9790593
5930.2465068698  0.9391068
5930.26391685009  0.9419941
5930.28132683039  0.9515888
5930.29873681069  0.977207
5930.31614679099  0.9645302
5930.33355677128  0.9887608
5930.35096675158  1.007612
5930.36837673188  1.0074
5930.38578671218  0.9937553
5930.40319669247  0.9873942
5930.42060667277  0.997282
5930.43801665307  0.9861072
5930.45542663336  0.9956445
5930.47283661366  0.9716868
5930.49024659396  0.9849507
5930.50765657426  0.9789447
5930.52506655455  0.9515811
5930.54247653485  0.9424297
5930.55988651515  1.003843
5930.57729649544  0.9925311
5930.59470647574  0.9675609
5930.61211645604  0.9911476
5930.62952643633  0.9574144
5930.64693641663  0.9748592
5930.66434639693  1.007113
5930.68175637722  0.9817328
5930.69916635752  1.023707
5930.71657633782  1.017067
5930.73398631812  0.9868454
5930.75139629841  0.945594
5930.76880627871  1.004425
5930.78621625901  0.9962315
5930.80362623931  1.009808
5930.8210362196  0.9901001
5930.8384461999  0.98098
5930.8558561802  0.9755073
5930.87326616049  1.015989
5930.89067614079  0.9726958
5930.90808612109  0.9708886
5930.92549610138  0.9808674
5930.94290608168  1.019213
5930.96031606198  0.981903
5930.97772604228  0.9715156
5930.99513602257  0.9792063
5931.01254600287  1.011731
5931.02995598317  0.9798675
5931.04736596346  0.9713711
5931.06477594376  0.9691166
5931.08218592406  0.9812068
5931.09959590436  0.9994563
5931.11700588465  1.01687
5931.13441586495  0.9761099
5931.15182584525  0.9952183
5931.16923582554  1.004496
5931.18664580584  0.9825435
5931.20405578614  1.000293
5931.22146576643  1.001876
5931.23887574673  0.9794633
5931.25628572703  0.9998401
5931.27369570733  0.9908873
5931.29110568762  0.9802023
5931.30851566792  0.9888681
5931.32592564822  0.9823318
5931.34333562851  0.9723274
5931.36074560881  1.005517
5931.37815558911  1.013024
5931.39556556941  1.019734
5931.4129755497  1.00009
5931.43038553  0.9965246
5931.4477955103  1.018973
5931.46520549059  0.9818715
5931.48261547089  0.9824577
5931.50002545119  0.9911196
5931.51743543149  0.9789767
5931.53484541178  0.9790597
5931.55225539208  0.9818425
5931.56966537238  0.9971616
5931.58707535267  0.9826139
5931.60448533297  0.9833845
5931.62189531327  0.9869571
5931.63930529357  0.9894825
5931.65671527386  0.9785682
5931.67412525416  0.9829865
5931.69153523446  0.9721659
5931.70894521475  0.97994
5931.72635519505  0.9930462
5931.74376517535  0.9942703
5931.76117515564  0.9692922
5931.77858513594  0.9955248
5931.79599511624  0.9759443
5931.81340509654  0.9793433
5931.83081507683  1.014615
5931.84822505713  1.027469
5931.86563503743  1.004068
5931.88304501772  0.9686713
5931.90045499802  0.9973231
5931.91786497832  0.9810781
5931.93527495862  0.984455
5931.95268493891  0.9852589
5931.97009491921  0.9626971
5931.98750489951  0.9537102
5932.0049148798  0.9360906
5932.0223248601  0.9164129
5932.0397348404  0.925633
5932.0571448207  0.9344653
5932.07455480099  0.9391477
5932.09196478129  0.9368607
5932.10937476159  0.9289712
5932.12678474189  0.9454581
5932.14419472218  0.9490165
5932.16160470248  0.9533955
5932.17901468277  0.9819022
5932.19642466307  1.007401
5932.21383464337  1.008037
5932.23124462367  1.016347
5932.24865460396  1.020107
5932.26606458426  1.02205
5932.28347456456  1.008867
5932.30088454486  1.013181
5932.31829452515  0.9997032
5932.33570450545  0.9828022
5932.35311448575  1.000633
5932.37052446604  1.006369
5932.38793444634  0.9714489
5932.40534442664  0.9688038
5932.42275440693  0.9934742
5932.44016438723  1.006611
5932.45757436753  1.002578
5932.47498434783  1.012287
5932.49239432812  0.9899083
5932.50980430842  1.01986
5932.52721428872  1.009798
5932.54462426901  0.9930395
5932.56203424931  1.004498
5932.57944422961  1.008274
5932.5968542099  1.002615
5932.6142641902  0.9826037
5932.6316741705  0.9875369
5932.6490841508  0.9969745
5932.66649413109  0.9918215
5932.68390411139  0.9870836
5932.70131409169  0.9597597
5932.71872407198  0.9716681
5932.73613405228  0.9932748
5932.75354403258  1.008498
5932.77095401288  0.9406089
5932.78836399317  0.9697265
5932.80577397347  0.9962732
5932.82318395377  1.012169
5932.84059393406  1.016163
5932.85800391436  1.011844
5932.87541389466  1.027207
5932.89282387496  1.018627
5932.91023385525  1.019227
5932.92764383555  1.016261
5932.94505381585  1.001359
5932.96246379614  0.9708872
5932.97987377644  1.001907
5932.99728375674  0.9862612
5933.01469373703  0.9888805
5933.03210371733  0.9803298
5933.04951369763  0.9913632
5933.06692367793  1.002506
5933.08433365822  1.030239
5933.10174363852  1.020601
5933.11915361882  0.9717598
5933.13656359911  0.9816181
5933.15397357941  0.9730695
5933.17138355971  1.028841
5933.18879354001  1.006814
5933.2062035203  0.9716782
5933.2236135006  1.004272
5933.2410234809  1.037871
5933.2584334612  1.023506
5933.27584344149  0.9771124
5933.29325342179  0.984596
5933.31066340209  0.9840956
5933.32807338238  0.9928382
5933.34548336268  1.032889
5933.36289334298  1.016881
5933.38030332327  0.9814823
5933.39771330357  0.9947746
5933.41512328387  0.9838349
5933.43253326417  1.003713
5933.44994324446  1.015522
5933.46735322476  0.9712368
5933.48476320506  0.9979675
5933.50217318535  0.983115
5933.51958316565  0.9927775
5933.53699314595  1.004574
5933.55440312624  1.017384
5933.57181310654  1.023465
5933.58922308684  1.011973
5933.60663306714  0.9918501
5933.62404304743  0.9759201
5933.64145302773  0.9770718
5933.65886300803  0.9778447
5933.67627298832  1.025538
5933.69368296862  1.008142
5933.71109294892  1.001249
5933.72850292922  1.001415
5933.74591290951  1.021185
5933.76332288981  1.018345
5933.78073287011  1.021121
5933.7981428504  1.020853
5933.8155528307  0.9837298
5933.832962811  0.984319
5933.8503727913  0.9955506
5933.86778277159  1.003382
5933.88519275189  0.9876062
5933.90260273219  0.9911689
5933.92001271248  1.002522
5933.93742269278  1.006077
5933.95483267308  0.981447
5933.97224265337  0.9889004
5933.98965263367  0.9766527
5934.00706261397  1.001799
5934.02447259427  0.9812879
5934.04188257456  0.955761
5934.05929255486  0.9660345
5934.07670253516  1.027218
5934.09411251546  0.9834986
5934.11152249575  0.9660002
5934.12893247605  1.009151
5934.14634245635  1.01413
5934.16375243664  1.016522
5934.18116241694  1.002123
5934.19857239724  0.9928825
5934.21598237753  0.9983976
5934.23339235783  0.9986495
5934.25080233813  1.020323
5934.26821231842  1.020746
5934.28562229872  1.008172
5934.30303227902  1.022372
5934.32044225932  0.9994381
5934.33785223961  0.9989316
5934.35526221991  0.9788152
5934.37267220021  0.9830604
5934.39008218051  0.9765003
5934.4074921608  1.004338
5934.4249021411  1.009404
5934.4423121214  1.027561
5934.45972210169  1.036031
5934.47713208199  1.054455
5934.49454206229  0.997615
5934.51195204258  1.015633
5934.52936202288  1.00538
5934.54677200318  1.010321
5934.56418198348  1.042014
5934.58159196377  1.010463
5934.59900194407  0.9515808
5934.61641192437  0.9871394
5934.63382190467  0.9896336
5934.65123188496  1.005991
5934.66864186526  1.03574
5934.68605184555  1.056827
5934.70346182585  1.015844
5934.72087180615  1.005619
5934.73828178645  1.039112
5934.75569176674  1.008047
5934.77310174704  0.9777917
5934.79051172734  0.9879588
5934.80792170764  1.037234
5934.82533168793  1.021765
5934.84274166823  1.024149
5934.86015164853  1.035372
5934.87756162882  0.9726228
5934.89497160912  1.000094
5934.91238158942  0.9957413
5934.92979156971  1.001959
5934.94720155001  1.024016
5934.96461153031  0.9913434
5934.98202151061  1.000924
5934.9994314909  0.995157
5935.0168414712  0.9867611
5935.0342514515  1.016908
5935.05166143179  1.002095
5935.06907141209  1.009436
5935.08648139239  1.010173
5935.10389137269  1.004229
5935.12130135298  0.9923809
5935.13871133328  0.9772022
5935.15612131358  0.9905466
5935.17353129388  1.001419
5935.19094127417  0.998915
5935.20835125447  1.008078
5935.22576123477  1.032892
5935.24317121506  1.006324
5935.26058119536  1.003155
5935.27799117566  0.9714433
5935.29540115595  1.01099
5935.31281113625  1.004557
5935.33022111655  0.9939592
5935.34763109684  1.010371
5935.36504107714  1.014497
5935.38245105744  1.004464
5935.39986103774  0.9986779
5935.41727101803  0.9849052
5935.43468099833  0.9897435
5935.45209097863  0.9906901
5935.46950095892  1.009725
5935.48691093922  1.018469
5935.50432091952  1.009275
5935.52173089982  0.9874512
5935.53914088011  0.9889607
5935.55655086041  1.004125
5935.57396084071  1.000144
5935.591370821  1.017612
5935.6087808013  0.9805567
5935.6261907816  0.9880186
5935.64360076189  1.033144
5935.66101074219  1.035062
5935.67842072249  1.033771
5935.69583070279  1.005676
5935.71324068308  0.981959
5935.73065066338  0.9606786
5935.74806064368  1.038903
5935.76547062398  1.007189
5935.78288060427  0.9949555
5935.80029058457  0.9866912
5935.81770056487  1.011054
5935.83511054516  1.005742
5935.85252052546  0.9714335
5935.86993050576  0.9682311
5935.88734048605  0.9763961
5935.90475046635  1.01148
5935.92216044665  0.9936939
5935.93957042695  0.9847261
5935.95698040724  0.9960821
5935.97439038754  0.9860188
5935.99180036784  1.010106
5936.00921034814  1.005239
5936.02662032843  1.002824
5936.04403030873  0.9958394
5936.06144028903  0.9900466
5936.07885026932  1.011566
5936.09626024962  0.9676567
5936.11367022992  0.9671056
5936.13108021021  0.9650484
5936.14849019051  0.9907795
5936.16590017081  1.026038
5936.1833101511  0.9841942
5936.2007201314  1.000692
5936.2181301117  1.000233
5936.235540092  0.9976835
5936.25295007229  0.9680985
5936.27036005259  1.019619
5936.28777003289  1.017204
5936.30518001319  1.029232
5936.32258999348  1.002135
5936.33999997378  0.9924143
5936.35740995408  0.9946494
5936.37481993437  0.9678186
5936.39222991467  1.064403
5936.40963989497  1.067518
5936.42704987526  1.037987
5936.44445985556  0.9773657
5936.46186983586  1.005672
5936.47927981616  1.044609
5936.49668979645  1.031912
5936.51409977675  0.9832042
5936.53150975705  1.00981
5936.54891973734  0.9788401
5936.56632971764  0.9804184
5936.58373969794  0.9975404
5936.60114967824  1.001889
5936.61855965853  1.021211
5936.63596963883  1.011416
5936.65337961913  0.9803706
5936.67078959942  0.9920467
5936.68819957972  1.00303
5936.70560956002  1.006122
5936.72301954032  1.039263
5936.74042952061  1.014589
5936.75783950091  1.025923
5936.77524948121  1.015528
5936.7926594615  0.9932415
5936.8100694418  1.065411
5936.8274794221  1.053863
5936.84488940239  0.9869722
5936.86229938269  0.9425829
5936.87970936299  1.017453
5936.89711934329  0.9756734
5936.91452932358  0.9754007
5936.93193930388  0.9785924
5936.94934928418  0.9832736
5936.96675926447  0.9951237
5936.98416924477  0.9845549
5937.00157922507  0.997384
5937.01898920537  1.000585
5937.03639918566  1.034042
5937.05380916596  1.046815
5937.07121914626  1.021987
5937.08862912655  1.01971
5937.10603910685  1.016849
5937.12344908715  1.016757
5937.14085906745  1.006306
5937.15826904774  1.005941
5937.17567902804  0.9759223
5937.19308900834  0.9706179
5937.21049898863  0.9926338
5937.22790896893  0.981032
5937.24531894923  0.9863517
5937.26272892952  0.9793149
5937.28013890982  0.9701124
5937.29754889012  0.9772703
5937.31495887042  1.021974
5937.33236885071  0.9976938
5937.34977883101  1.00967
5937.36718881131  0.9925012
5937.3845987916  1.012255
5937.4020087719  1.014766
5937.4194187522  1.003818
5937.4368287325  1.009025
5937.45423871279  1.004801
5937.47164869309  1.008423
5937.48905867339  1.013954
5937.50646865368  1.027339
5937.52387863398  1.005885
5937.54128861428  0.9899965
5937.55869859457  0.9997174
5937.57610857487  0.9904485
5937.59351855517  1.01097
5937.61092853547  1.032978
5937.62833851576  0.9952487
5937.64574849606  0.9782096
5937.66315847636  1.002562
5937.68056845665  1.002146
5937.69797843695  1.00169
5937.71538841725  1.007535
5937.73279839755  0.9999377
5937.75020837784  1.038057
5937.76761835814  1.028198
5937.78502833844  1.006763
5937.80243831873  1.001867
5937.81984829903  0.9786859
5937.83725827933  0.9863092
5937.85466825963  1.002775
5937.87207823992  0.9793179
5937.88948822022  0.9791742
5937.90689820052  0.9900922
5937.92430818081  0.9669599
5937.94171816111  0.9578255
5937.95912814141  0.9799558
5937.9765381217  0.9648333
5937.993948102  0.9772679
5938.0113580823  1.002935
5938.0287680626  0.987839
5938.04617804289  0.9966294
5938.06358802319  0.9884527
5938.08099800349  0.9810929
5938.09840798379  0.9759806
5938.11581796408  0.9951009
5938.13322794438  0.9907779
5938.15063792468  0.9823113
5938.16804790497  0.975863
5938.18545788527  0.9581246
5938.20286786557  1.016527
5938.22027784587  0.9974107
5938.23768782616  1.018378
5938.25509780646  1.000038
5938.27250778676  0.9793469
5938.28991776705  1.03869
5938.30732774735  1.027022
5938.32473772765  0.9825577
5938.34214770795  0.9951468
5938.35955768824  0.9980209
5938.37696766854  0.9903643
5938.39437764884  1.018522
5938.41178762913  0.9935112
5938.42919760943  1.005076
5938.44660758973  1.015335
5938.46401757002  1.023156
5938.48142755032  0.9913315
5938.49883753062  0.9823826
5938.51624751092  0.9925151
5938.53365749121  0.9954439
5938.55106747151  0.9854627
5938.56847745181  0.9825094
5938.5858874321  1.02432
5938.6032974124  1.008057
5938.6207073927  1.044874
5938.63811737299  1.023284
5938.65552735329  1.021399
5938.67293733359  0.975947
5938.69034731389  0.9822669
5938.70775729418  0.9910699
5938.72516727448  0.9934115
5938.74257725478  0.9861214
5938.75998723507  0.9743021
5938.77739721537  0.973925
5938.79480719567  1.005374
5938.81221717597  1.054719
5938.82962715626  1.031788
5938.84703713656  0.9910614
5938.86444711686  0.9855357
5938.88185709715  1.017349
5938.89926707745  0.9917346
5938.91667705775  1.032754
5938.93408703804  1.039281
5938.95149701834  1.024954
5938.96890699864  1.046108
5938.98631697894  1.019385
5939.00372695923  0.9999717
5939.02113693953  1.02564
5939.03854691983  1.025409
5939.05595690013  1.004351
5939.07336688042  1.009069
5939.09077686072  1.024256
5939.10818684102  1.015382
5939.12559682131  1.000878
5939.14300680161  0.9772972
5939.16041678191  0.982797
5939.1778267622  0.9990289
5939.1952367425  1.003673
5939.2126467228  0.9920795
5939.2300567031  0.976027
5939.24746668339  0.9805929
5939.26487666369  1.026731
5939.28228664399  1.008459
5939.29969662428  0.99412
5939.31710660458  0.9838541
5939.33451658488  0.9937522
5939.35192656518  1.013386
5939.36933654547  1.014661
5939.38674652577  1.016884
5939.40415650607  0.9949542
5939.42156648636  0.9929094
5939.43897646666  1.011468
5939.45638644696  1.02401
5939.47379642726  0.9885836
5939.49120640755  0.9786164
5939.50861638785  0.968359
5939.52602636815  1.012516
5939.54343634844  0.987642
5939.56084632874  1.003626
5939.57825630904  0.9966985
5939.59566628933  0.9738029
5939.61307626963  1.015034
5939.63048624993  1.013699
5939.64789623023  1.016969
5939.66530621052  1.033055
5939.68271619082  1.007179
5939.70012617112  0.9908816
5939.71753615141  1.011338
5939.73494613171  1.017174
5939.75235611201  1.010929
5939.76976609231  0.9915106
5939.7871760726  0.9733273
5939.8045860529  0.998915
5939.8219960332  1.002032
5939.83940601349  1.016045
5939.85681599379  0.9913307
5939.87422597409  0.9690056
5939.89163595438  0.9772298
5939.90904593468  0.976215
5939.92645591498  0.9858193
5939.94386589528  0.9846954
5939.96127587557  0.9775732
5939.97868585587  1.000849
5939.99609583617  0.9825732
5940.01350581647  0.9906163
5940.03091579676  1.043509
5940.04832577706  0.9883907
5940.06573575736  1.032359
5940.08314573765  0.9937601
5940.10055571795  1.024349
5940.11796569825  1.025648
5940.13537567854  0.9998571
5940.15278565884  1.023198
5940.17019563914  1.028156
5940.18760561944  1.027062
5940.20501559973  1.023741
5940.22242558003  1.013248
5940.23983556033  1.016234
5940.25724554062  0.9863948
5940.27465552092  0.9646364
5940.29206550122  0.992113
5940.30947548151  0.9925181
5940.32688546181  1.011801
5940.34429544211  1.03753
5940.36170542241  1.000737
5940.3791154027  0.9824808
5940.396525383  0.9510003
5940.4139353633  0.9399714
5940.43134534359  0.968646
5940.44875532389  0.9865993
5940.46616530419  0.9794801
5940.48357528449  0.9509508
5940.50098526478  0.9614986
5940.51839524508  0.988106
5940.53580522538  1.007789
5940.55321520567  0.9933885
5940.57062518597  1.005562
5940.58803516627  1.010399
5940.60544514657  1.011791
5940.62285512686  1.022898
5940.64026510716  1.0062
5940.65767508746  0.9986774
5940.67508506775  1.012112
5940.69249504805  1.008415
5940.70990502835  1.027652
5940.72731500865  1.014539
5940.74472498894  1.010923
5940.76213496924  1.046451
5940.77954494954  1.029932
5940.79695492983  0.9695441
5940.81436491013  0.9704205
5940.83177489043  0.9710137
5940.84918487073  0.9633859
5940.86659485102  0.9784366
5940.88400483132  0.9573315
5940.90141481162  0.9384752
5940.91882479191  0.9521975
5940.93623477221  0.9550622
5940.95364475251  0.9695494
5940.9710547328  0.9892229
5940.9884647131  0.9440038
5941.0058746934  0.9261382
5941.0232846737  0.9515982
5941.04069465399  0.928492
5941.05810463429  0.905596
5941.07551461459  0.8870704
5941.09292459488  0.8946509
5941.11033457518  0.9137298
5941.12774455548  0.9388419
5941.14515453578  0.932822
5941.16256451607  0.9764075
5941.17997449637  0.9904447
5941.19738447667  0.9703305
5941.21479445696  0.9437199
5941.23220443726  0.9365166
5941.24961441756  0.9757968
5941.26702439786  0.9982678
5941.28443437815  1.002952
5941.30184435845  0.9787157
5941.31925433875  0.9985163
5941.33666431904  0.9769281
5941.35407429934  0.9647909
5941.37148427964  1.013099
5941.38889425994  1.01336
5941.40630424023  0.9927954
5941.42371422053  0.9943511
5941.44112420083  0.9640201
5941.45853418112  0.9711124
5941.47594416142  0.9608048
5941.49335414172  0.9641351
5941.51076412201  0.9658432
5941.52817410231  0.9458415
5941.54558408261  0.9358781
5941.5629940629  0.9162369
5941.5804040432  0.9163741
5941.5978140235  0.9290429
5941.6152240038  0.987635
5941.63263398409  0.9751731
5941.65004396439  0.9684676
5941.66745394469  0.9358549
5941.68486392499  0.9397003
5941.70227390528  0.9660123
5941.71968388558  0.9664984
5941.73709386588  0.9686241
5941.75450384617  0.9921179
5941.77191382647  0.9990449
5941.78932380677  1.00389
5941.80673378706  1.011619
5941.82414376736  1.039903
5941.84155374766  0.9960589
5941.85896372796  0.9999219
5941.87637370825  1.013092
5941.89378368855  0.9794087
5941.91119366885  1.003803
5941.92860364914  0.9995279
5941.94601362944  0.9898636
5941.96342360974  1.019709
5941.98083359004  0.9886438
5941.99824357033  1.015341
5942.01565355063  1.037472
5942.03306353093  1.034847
5942.05047351123  1.003642
5942.06788349152  1.006718
5942.08529347182  0.9925409
5942.10270345211  0.9922578
5942.12011343241  0.9904347
5942.13752341271  1.017436
5942.15493339301  1.022181
5942.1723433733  1.003163
5942.1897533536  0.9901422
5942.2071633339  0.9946823
5942.2245733142  0.9901368
5942.24198329449  0.9848967
5942.25939327479  0.986236
5942.27680325509  0.995451
5942.29421323538  0.9736589
5942.31162321568  0.9545511
5942.32903319598  0.9591159
5942.34644317627  0.9728763
5942.36385315657  0.9897567
5942.38126313687  0.9805289
5942.39867311717  0.9517968
5942.41608309746  0.9581231
5942.43349307776  0.91477
5942.45090305806  0.9675025
5942.46831303835  0.94802
5942.48572301865  0.945564
5942.50313299895  0.9231429
5942.52054297925  0.9315409
5942.53795295954  0.9154754
5942.55536293984  0.9381248
5942.57277292014  0.9498299
5942.59018290043  0.9258113
5942.60759288073  0.9291862
5942.62500286103  0.9350573
5942.64241284133  0.9778047
5942.65982282162  0.9856823
5942.67723280192  0.9958968
5942.69464278222  0.989854
5942.71205276251  1.001545
5942.72946274281  1.006749
5942.74687272311  0.9729714
5942.7642827034  1.013409
5942.7816926837  1.011843
5942.799102664  0.9863805
5942.8165126443  0.9940752
5942.83392262459  0.990916
5942.85133260489  0.9955012
5942.86874258519  0.9952814
5942.88615256548  1.010418
5942.90356254578  1.019626
5942.92097252608  1.026806
5942.93838250638  1.037456
5942.95579248667  1.006706
5942.97320246697  0.9801804
5942.99061244727  0.9641963
5943.00802242757  1.016714
5943.02543240786  0.9956072
5943.04284238816  1.000314
5943.06025236846  0.9764981
5943.07766234875  0.9854217
5943.09507232905  0.9831278
5943.11248230935  0.9758689
5943.12989228964  0.9794893
5943.14730226994  0.9890814
5943.16471225024  1.050461
5943.18212223054  1.016304
5943.19953221083  1.036352
5943.21694219113  1.004761
5943.23435217143  0.9943872
5943.25176215172  0.995903
5943.26917213202  1.003008
5943.28658211232  1.000614
5943.30399209261  0.9856991
5943.32140207291  0.9896338
5943.33881205321  0.9986616
5943.35622203351  1.012354
5943.3736320138  0.9834103
5943.3910419941  0.9871528
5943.4084519744  1.00705
5943.4258619547  1.012545
5943.44327193499  1.0198
5943.46068191529  0.9992
5943.47809189558  0.9519864
5943.49550187588  1.000948
5943.51291185618  1.006136
5943.53032183648  1.010988
5943.54773181677  1.013783
5943.56514179707  0.994968
5943.58255177737  1.003621
5943.59996175766  1.011949
5943.61737173796  1.016187
5943.63478171826  0.999083
5943.65219169856  1.048215
5943.66960167885  1.035388
5943.68701165915  1.038113
5943.70442163945  1.006613
5943.72183161974  1.001845
5943.73924160004  1.02728
5943.75665158034  1.014735
5943.77406156064  0.9951716
5943.79147154093  0.9853843
5943.80888152123  0.9684374
5943.82629150153  1.011008
5943.84370148182  0.988639
5943.86111146212  0.9955683
5943.87852144242  1.006641
5943.89593142271  1.022284
5943.91334140301  1.025796
5943.93075138331  1.033167
5943.94816136361  1.017779
5943.9655713439  1.027414
5943.9829813242  1.011244
5944.0003913045  0.9906427
5944.01780128479  1.007972
5944.03521126509  1.012805
5944.05262124539  1.012928
5944.07003122569  1.027045
5944.08744120598  1.002867
5944.10485118628  0.9878389
5944.12226116658  0.9679204
5944.13967114688  0.9693942
5944.15708112717  1.020249
5944.17449110747  1.037419
5944.19190108777  0.9602016
5944.20931106806  0.9640685
5944.22672104836  0.9807872
5944.24413102866  0.9398033
5944.26154100895  0.9191234
5944.27895098925  0.9710503
5944.29636096955  0.9745606
5944.31377094985  0.9739555
5944.33118093014  0.9450852
5944.34859091044  0.9478675
5944.36600089074  0.9429563
5944.38341087103  1.027938
5944.40082085133  1.010356
5944.41823083163  0.9839492
5944.43564081193  0.9701239
5944.45305079222  0.96988
5944.47046077252  0.9915708
5944.48787075282  1.010703
5944.50528073311  0.983638
5944.52269071341  1.018267
5944.54010069371  0.9801058
5944.55751067401  1.003731
5944.5749206543  1.008368
5944.5923306346  1.005218
5944.6097406149  0.994114
5944.62715059519  0.9845081
5944.64456057549  0.9980542
5944.66197055579  0.9867465
5944.67938053608  0.963956
5944.69679051638  0.9933206
5944.71420049668  0.9473755
5944.73161047698  0.9933521
5944.74902045727  0.9851468
5944.76643043757  0.9967843
5944.78384041787  0.9516128
5944.80125039816  0.9503908
5944.81866037846  0.970376
5944.83607035876  1.006666
5944.85348033905  0.9866015
5944.87089031935  0.9867564
5944.88830029965  0.9685093
5944.90571027995  1.012313
5944.92312026024  0.9611377
5944.94053024054  1.007126
5944.95794022084  0.9958167
5944.97535020114  0.9908526
5944.99276018143  1.028582
5945.01017016173  1.017878
5945.02758014203  0.9920906
5945.04499012232  1.005282
5945.06240010262  1.032169
5945.07981008292  1.00861
5945.09722006321  0.9956821
5945.11463004351  0.984626
5945.13204002381  1.025075
5945.14945000411  0.9924193
5945.1668599844  0.982538
5945.1842699647  1.009109
5945.201679945  1.014074
5945.21908992529  0.9997581
5945.23649990559  0.9654404
5945.25390988589  0.9932771
5945.27131986619  1.008404
5945.28872984648  0.9738045
5945.30613982678  0.9997118
5945.32354980708  0.991374
5945.34095978738  0.9882363
5945.35836976767  1.000326
5945.37577974797  0.9844627
5945.39318972826  0.9531717
5945.41059970856  1.032718
5945.42800968886  1.048573
5945.44541966916  1.047608
5945.46282964945  1.038364
5945.48023962975  1.010479
5945.49764961005  1.016812
5945.51505959035  0.9971568
5945.53246957064  0.9764957
5945.54987955094  0.9952336
5945.56728953124  0.9828876
5945.58469951153  0.9887748
5945.60210949183  0.9895158
5945.61951947213  0.9731199
5945.63692945242  0.9692636
5945.65433943272  0.9419508
5945.67174941302  0.9618263
5945.68915939332  0.9982368
5945.70656937361  1.018421
5945.72397935391  1.023367
5945.74138933421  0.9564092
5945.7587993145  0.9875985
5945.7762092948  1.014406
5945.7936192751  0.9776537
5945.81102925539  0.9923501
5945.82843923569  1.031637
5945.84584921599  1.030612
5945.86325919629  1.010322
5945.88066917658  1.007285
5945.89807915688  1.0441
5945.91548913718  0.9989919
5945.93289911748  0.9843812
5945.95030909777  1.006381
5945.96771907807  1.005594
5945.98512905837  0.9648324
5946.00253903866  0.9280316
5946.01994901896  0.9214717
5946.03735899926  0.9200369
5946.05476897956  0.9868181
5946.07217895985  1.01124
5946.08958894015  0.9899354
5946.10699892045  0.9801332
5946.12440890074  0.9853911
5946.14181888104  0.9980375
5946.15922886134  0.9761277
5946.17663884163  1.015956
5946.19404882193  1.023117
5946.21145880223  0.9890724
5946.22886878252  1.000932
5946.24627876282  0.9986739
5946.26368874312  1.005811
5946.28109872342  1.01459
5946.29850870371  1.013683
5946.31591868401  1.014802
5946.33332866431  1.004128
5946.3507386446  0.9999481
5946.3681486249  1.026252
5946.3855586052  1.054882
5946.4029685855  1.025197
5946.42037856579  0.9802674
5946.43778854609  0.9983904
5946.45519852639  1.030755
5946.47260850669  0.9896486
5946.49001848698  0.968763
5946.50742846728  0.9814705
5946.52483844757  1.029286
5946.54224842787  1.00508
5946.55965840817  0.991276
5946.57706838847  1.014853
5946.59447836876  0.9836116
5946.61188834906  0.9703885
5946.62929832936  0.9728224
5946.64670830966  1.013609
5946.66411828995  1.011575
5946.68152827025  1.003242
5946.69893825055  0.982913
5946.71634823084  1.004834
5946.73375821114  1.00142
5946.75116819144  1.005199
5946.76857817173  1.02524
5946.78598815203  1.009918
5946.80339813233  0.9770488
5946.82080811263  0.9943306
5946.83821809292  0.9676731
5946.85562807322  0.9508618
5946.87303805352  0.9388487
5946.89044803382  0.9524409
5946.90785801411  0.9721265
5946.92526799441  1.006367
5946.94267797471  1.008229
5946.960087955  0.9856984
5946.9774979353  0.9787239
5946.9949079156  0.9398279
5947.01231789589  0.9343273
5947.02972787619  0.9198173
5947.04713785649  0.9154035
5947.06454783679  0.9592381
5947.08195781708  0.9625116
5947.09936779738  0.9373561
5947.11677777768  0.9851989
5947.13418775797  0.9816068
5947.15159773827  0.997757
5947.16900771857  0.9965866
5947.18641769887  0.9898778
5947.20382767916  0.9793323
5947.22123765946  1.008818
5947.23864763976  1.008441
5947.25605762005  1.010755
5947.27346760035  0.9759036
5947.29087758065  0.9975997
5947.30828756094  0.978808
5947.32569754124  0.9900487
5947.34310752154  1.01299
5947.36051750184  1.055475
5947.37792748213  0.9802509
5947.39533746243  1.006665
5947.41274744273  1.016518
5947.43015742302  1.033707
5947.44756740332  0.9912134
5947.46497738362  1.009108
5947.48238736392  0.9931375
5947.49979734421  1.018996
5947.51720732451  1.023608
5947.53461730481  1.011104
5947.5520272851  1.013782
5947.5694372654  1.004874
5947.5868472457  1.036389
5947.604257226  1.036313
5947.62166720629  0.9917633
5947.63907718659  1.041268
5947.65648716689  1.008613
5947.67389714718  1.010767
5947.69130712748  0.9617929
5947.70871710778  0.9999469
5947.72612708807  0.9721962
5947.74353706837  1.000288
5947.76094704867  1.031878
5947.77835702897  1.029155
5947.79576700926  1.021735
5947.81317698956  1.004797
5947.83058696986  1.014057
5947.84799695015  0.9821931
5947.86540693045  1.005009
5947.88281691075  0.9833765
5947.90022689105  0.9723327
5947.91763687134  0.973451
5947.93504685164  0.9959208
5947.95245683194  1.009287
5947.96986681223  0.9912039
5947.98727679253  0.9789057
5948.00468677283  0.9672466
5948.02209675313  0.980026
5948.03950673342  0.9826474
5948.05691671372  0.9896705
5948.07432669402  1.002528
5948.09173667431  1.003112
5948.10914665461  0.9924951
5948.12655663491  0.9858217
5948.14396661521  1.006563
5948.1613765955  0.9802905
5948.1787865758  0.9770043
5948.1961965561  0.981217
5948.21360653639  1.00214
5948.23101651669  1.003548
5948.24842649699  0.9916211
5948.26583647729  1.010508
5948.28324645758  1.000086
5948.30065643788  0.9743089
5948.31806641818  0.9944829
5948.33547639847  1.010864
5948.35288637877  0.9864019
5948.37029635907  1.017184
5948.38770633936  1.003794
5948.40511631966  0.998839
5948.42252629996  0.9993485
5948.43993628026  0.9813235
5948.45734626055  0.9716461
5948.47475624085  0.9832558
5948.49216622115  1.01399
5948.50957620144  1.023434
5948.52698618174  1.026387
5948.54439616204  0.9846316
5948.56180614234  0.9817931
5948.57921612263  1.021158
5948.59662610293  1.013211
5948.61403608323  1.015193
5948.63144606352  0.9973885
5948.64885604382  1.03929
5948.66626602412  1.00319
5948.68367600441  0.9776879
5948.70108598471  0.9985137
5948.71849596501  1.006893
5948.73590594531  1.026321
5948.7533159256  1.023122
5948.7707259059  1.0042
5948.7881358862  0.9548699
5948.80554586649  0.9902921
5948.82295584679  0.9920101
5948.84036582709  1.017271
5948.85777580739  0.9985735
5948.87518578768  0.9903018
5948.89259576798  1.007955
5948.91000574828  0.9845844
5948.92741572857  1.011635
5948.94482570887  0.9664916
5948.96223568917  0.9834026
5948.97964566947  1.015658
5948.99705564976  0.9946114
5949.01446563006  1.005998
5949.03187561036  0.9996067
5949.04928559065  0.9598167
5949.06669557095  1.017556
5949.08410555125  0.9907396
5949.10151553155  0.9588112
5949.11892551184  0.9489623
5949.13633549214  0.9670327
5949.15374547244  0.9466571
5949.17115545273  0.9314891
5949.18856543303  0.9412016
5949.20597541333  0.9420993
5949.22338539363  0.9505028
5949.24079537392  0.9800004
5949.25820535422  1.027908
5949.27561533452  1.036011
5949.29302531481  1.028363
5949.31043529511  0.9926161
5949.32784527541  0.9991812
5949.3452552557  1.015143
5949.362665236  1.019356
5949.3800752163  1.035302
5949.3974851966  1.036533
5949.41489517689  0.9928697
5949.43230515719  1.003941
5949.44971513749  0.9962986
5949.46712511778  0.9874209
5949.48453509808  1.00042
5949.50194507838  1.005668
5949.51935505867  1.022233
5949.53676503897  0.9880712
5949.55417501927  0.984171
5949.57158499957  0.9576352
5949.58899497986  0.9985875
5949.60640496016  1.001827
5949.62381494046  0.9706468
5949.64122492075  1.002452
5949.65863490105  0.9741864
5949.67604488135  0.9863977
5949.69345486165  1.016491
5949.71086484194  1.008248
5949.72827482224  1.005045
5949.74568480254  0.9640276
5949.76309478283  0.952529
5949.78050476313  0.9608837
5949.79791474343  0.9814084
5949.81532472372  1.027077
5949.83273470402  0.9902813
5949.85014468432  0.9652229
5949.86755466462  0.9991922
5949.88496464491  0.9379643
5949.90237462521  1.011351
5949.91978460551  1.035168
5949.93719458581  0.9941986
5949.9546045661  1.002978
5949.9720145464  1.011903
5949.9894245267  1.014519
5950.00683450699  1.006525
