col1 col2
1583.8 5.18715464608e-15
1585.34 6.59075786123e-15
1586.88 6.8898639681e-15
1588.42 6.00182552964e-15
1589.96 4.52646853462e-15
1591.5 3.20137925253e-15
1593.04 2.45937927586e-15
1594.58 2.2461033381e-15
1596.12 2.15347370424e-15
1597.66 2.0012297932e-15
1599.2 1.80523943033e-15
1600.74 1.60338681883e-15
1602.28 1.40533031056e-15
1603.82 1.24376513602e-15
1605.36 1.15274085316e-15
1606.9 1.09561328885e-15
1608.44 1.03969005605e-15
1609.98 9.93572616919e-16
1611.52 9.57553911425e-16
1613.06 8.85146818232e-16
1614.6 7.6275308829e-16
1616.14 6.41479296847e-16
1617.68 5.55428604008e-16
1619.22 5.28329422151e-16
1620.76 5.56829552206e-16
1622.3 6.16327567169e-16
1623.84 6.71165779995e-16
1625.38 6.79425556895e-16
1626.92 6.43545462766e-16
1628.46 5.84457523414e-16
1630.0 5.27011530124e-16
1631.54 4.75361952928e-16
1633.08 4.46033904964e-16
1634.62 4.48471330919e-16
1636.16 4.58453069943e-16
1637.7 4.53070384968e-16
1639.24 4.32109422845e-16
1640.78 4.03188567548e-16
1642.32 3.72292565498e-16
1643.86 3.61888873813e-16
1645.4 3.87533746449e-16
1646.94 4.36240525245e-16
1648.48 4.66274273968e-16
1650.02 4.52887317326e-16
1651.56 4.04670572315e-16
1653.1 3.31664966073e-16
1654.64 2.46653735849e-16
1656.18 1.74604976289e-16
1657.72 1.33191667644e-16
1659.26 1.14498613218e-16
1660.8 9.90542558527e-17
1662.34 8.53229898265e-17
1663.88 8.12461357436e-17
1665.42 9.08533087957e-17
1666.96 1.15082553692e-16
1668.5 1.45848113661e-16
1670.04 1.70583979957e-16
1671.58 1.80918789496e-16
1673.12 1.7378047997e-16
1674.66 1.51287166292e-16
1676.2 1.23341519126e-16
1677.74 9.774376031e-17
1679.28 7.95607803824e-17
1680.82 7.03525678781e-17
1682.36 6.88310128482e-17
1683.9 7.64598194951e-17
1685.44 9.18964836462e-17
1686.98 1.10593630688e-16
1688.52 1.31375447447e-16
1690.06 1.53620310742e-16
1691.6 1.70003434976e-16
1693.14 1.76347412153e-16
1694.68 1.76947693112e-16
1696.22 1.73322138263e-16
1697.76 1.63303094384e-16
1699.3 1.48665132715e-16
1700.84 1.34298872073e-16
1702.38 1.23048226784e-16
1703.92 1.10734114768e-16
1705.46 9.37802850163e-17
1707.0 7.5610264072e-17
1708.54 6.07818411804e-17
1710.08 5.07194520006e-17
1711.62 4.83198111351e-17
1713.16 5.77546905e-17
1714.7 7.6603754202e-17
1716.24 9.70446991745e-17
1717.78 1.11158661097e-16
1719.32 1.18640935885e-16
1720.86 1.22454686247e-16
1722.4 1.2521597316e-16
1723.94 1.28212119264e-16
1725.48 1.27609740517e-16
1727.02 1.20518733644e-16
1728.56 1.06834195237e-16
1730.1 9.2313092486e-17
1731.64 8.55145015538e-17
1733.18 9.53855500826e-17
1734.72 1.19854088281e-16
1736.26 1.4921167683e-16
1737.8 1.73249230206e-16
1739.34 1.80975721054e-16
1740.88 1.70346622501e-16
1742.42 1.45203151064e-16
1743.96 1.13893913722e-16
1745.5 8.56582858791e-17
1747.04 6.61401611805e-17
1748.58 5.58992020926e-17
1750.12 5.5957755395e-17
1751.66 6.33268049413e-17
1753.2 7.13291135411e-17
1754.74 7.65108642999e-17
1756.28 7.57373084899e-17
1757.82 6.91109883406e-17
1759.36 5.76839036784e-17
1760.9 4.85649732459e-17
1762.44 4.89432431046e-17
1763.98 5.93814829388e-17
1765.52 7.48204316895e-17
1767.06 8.69522540943e-17
1768.6 9.0546803376e-17
1770.14 8.30833519673e-17
1771.68 6.77754911184e-17
1773.22 5.1429121695e-17
1774.76 4.2977323826e-17
1776.3 4.38669762644e-17
1777.84 5.0295663401e-17
1779.38 5.96393846197e-17
1780.92 6.97221412998e-17
1782.46 8.02627914308e-17
1784.0 9.09872262968e-17
1785.54 9.97660106167e-17
1787.08 1.0370442907e-16
1788.62 1.03812784086e-16
1790.16 1.010059209e-16
1791.7 9.72359865168e-17
1793.24 9.56594235106e-17
1794.78 9.57148392711e-17
1796.32 9.48962283051e-17
1797.86 9.2901829462e-17
1799.4 8.83450071483e-17
1800.94 8.08093047614e-17
1802.48 7.22270979718e-17
1804.02 6.27443519413e-17
1805.56 5.3693362034e-17
1807.1 4.57855268433e-17
1808.64 3.92628515856e-17
1810.18 3.79626756513e-17
1811.72 4.59958741978e-17
1813.26 6.03056347545e-17
1814.8 7.76129674132e-17
1816.34 9.65765063485e-17
1817.88 1.12763339082e-16
1819.42 1.24241458936e-16
1820.96 1.29061024284e-16
1822.5 1.28228307561e-16
1824.04 1.2572559342e-16
1825.58 1.20391481967e-16
1827.12 1.09820729165e-16
1828.66 9.83303575667e-17
1830.2 8.87276469371e-17
1831.74 8.0275079148e-17
1833.28 7.44354489268e-17
1834.82 7.44516058354e-17
1836.36 8.31156306099e-17
1837.9 9.79689744936e-17
1839.44 1.13015708888e-16
1840.98 1.23668280553e-16
1842.52 1.28305620079e-16
1844.06 1.26241040814e-16
1845.6 1.19813031286e-16
1847.14 1.11563249299e-16
1848.68 1.04506100374e-16
1850.22 9.75028169019e-17
1851.76 8.84507554473e-17
1853.3 7.77617134392e-17
1854.84 7.04473190272e-17
1856.38 7.26724591808e-17
1857.92 8.41642636009e-17
1859.46 1.02164657183e-16
1861.0 1.18676050261e-16
1862.54 1.25876244025e-16
1864.08 1.21672935045e-16
1865.62 1.10055312279e-16
1867.16 9.86648103774e-17
1868.7 9.37616241519e-17
1870.24 9.74719277976e-17
1871.78 1.07069643735e-16
1873.32 1.16273553237e-16
1874.86 1.21857163941e-16
1876.4 1.27143485708e-16
1877.94 1.3674094516e-16
1879.48 1.49413432993e-16
1881.02 1.5947994658e-16
1882.56 1.60125443339e-16
1884.1 1.52085405286e-16
1885.64 1.40317714996e-16
1887.18 1.26995184128e-16
1888.72 1.15917207331e-16
1890.26 1.05299413908e-16
1891.8 9.09238433063e-17
1893.34 7.40092620686e-17
1894.88 6.06370386056e-17
1896.42 5.63285193971e-17
1897.96 6.4013629068e-17
1899.5 7.79054025739e-17
1901.04 8.68929678796e-17
1902.58 8.92761911143e-17
1904.12 8.67595879681e-17
1905.66 8.35239511107e-17
1907.2 8.38293810526e-17
1908.74 8.69262803033e-17
1910.28 9.18519412051e-17
1911.82 9.59158062606e-17
1913.36 9.46562982426e-17
1914.9 8.74106668085e-17
1916.44 7.60608547376e-17
1917.98 6.22224302694e-17
1919.52 4.99174305315e-17
1921.06 4.55160504067e-17
1922.6 5.41319545344e-17
1924.14 7.33955376258e-17
1925.68 9.50080655519e-17
1927.22 1.11329515482e-16
1928.76 1.16799178065e-16
1930.3 1.10962781337e-16
1931.84 9.98606638095e-17
1933.38 8.81618108335e-17
1934.92 7.90571522539e-17
1936.46 7.15516167818e-17
1938.0 6.36451973615e-17
1939.54 5.90938678932e-17
1941.08 5.99153134025e-17
1942.62 6.52484469549e-17
1944.16 7.58640036547e-17
1945.7 9.05266845211e-17
1947.24 1.03547368228e-16
1948.78 1.10749862768e-16
1950.32 1.09719402748e-16
1951.86 1.02146050654e-16
1953.4 9.12069261023e-17
1954.94 8.00558540669e-17
1956.48 7.36017060824e-17
1958.02 7.40173638457e-17
1959.56 7.84615907745e-17
1961.1 8.22142286382e-17
1962.64 8.17944197021e-17
1964.18 7.54943226691e-17
1965.72 6.59132864017e-17
1967.26 5.55542621328e-17
1968.8 4.75376122466e-17
1970.34 4.42085416509e-17
1971.88 4.45612740945e-17
1973.42 4.97372267212e-17
1974.96 5.90345690527e-17
1976.5 6.72997148233e-17
1978.04 6.97810469774e-17
1979.58 6.73947716658e-17
1981.12 6.26300837912e-17
1982.66 5.75168151028e-17
1984.2 5.42850490409e-17
1985.74 5.45041449862e-17
1987.28 5.77497484751e-17
1988.82 6.05322523745e-17
1990.36 6.1543985034e-17
1991.9 6.29540585419e-17
1993.44 6.64465259679e-17
1994.98 6.96645264494e-17
1996.52 7.18291897132e-17
1998.06 7.29983593387e-17
1999.6 7.16583442807e-17
2001.14 6.75807394673e-17
2002.68 6.49222419362e-17
2004.22 6.951980989e-17
2005.76 8.14608387025e-17
2007.3 9.84588496626e-17
2008.84 1.15108650969e-16
2010.38 1.24874574218e-16
2011.92 1.24749170045e-16
2013.46 1.14605721135e-16
2015.0 9.75956552883e-17
2016.54 7.89740173723e-17
2018.08 6.18650949977e-17
2019.62 4.95090391917e-17
2021.16 4.60440320851e-17
2022.7 5.1212543859e-17
2024.24 6.47459224121e-17
2025.78 8.27821663811e-17
2027.32 9.51272024359e-17
2028.86 9.54641965967e-17
2030.4 8.59150240859e-17
2031.94 7.17104233555e-17
2033.48 5.77095804874e-17
2035.02 4.68210764049e-17
2036.56 4.17203968306e-17
2038.1 4.4096518794e-17
2039.64 5.08229855834e-17
2041.18 5.85976999427e-17
2042.72 6.53920459813e-17
2044.26 6.95920996725e-17
2045.8 6.83951724614e-17
2047.34 6.23540363151e-17
2048.88 5.57191189721e-17
2050.42 5.15929624496e-17
2051.96 5.08914341966e-17
2053.5 5.22051757461e-17
2055.04 5.30499850909e-17
2056.58 5.11147210547e-17
2058.12 4.82424447019e-17
2059.66 4.81525484937e-17
2061.2 5.42369099327e-17
2062.74 6.52913683269e-17
2064.28 7.80795503616e-17
2065.82 8.91708391928e-17
2067.36 9.35008865218e-17
2068.9 9.01993413411e-17
2070.44 8.50916644191e-17
2071.98 8.4338096566e-17
2073.52 8.89008421365e-17
2075.06 9.7592495563e-17
2076.6 1.05031064385e-16
2078.14 1.08814771188e-16
2079.68 1.08526029461e-16
2081.22 1.02796857838e-16
2082.76 9.50673547954e-17
2084.3 8.90857336805e-17
2085.84 8.55625758488e-17
2087.38 8.37452800213e-17
2088.92 8.12372974053e-17
2090.46 7.57677439512e-17
2092.0 6.85042569462e-17
2093.54 5.92031819048e-17
2095.08 4.89936633461e-17
2096.62 4.1609696693e-17
2098.16 3.8856942939e-17
2099.7 3.95590012251e-17
2101.24 4.02956241025e-17
2102.78 3.97134035938e-17
2104.32 4.06785927977e-17
2105.86 4.41007078081e-17
2107.4 4.88716475162e-17
2108.94 5.62207460314e-17
2110.48 6.40788991857e-17
2112.02 6.90115255822e-17
2113.56 6.90376474087e-17
2115.1 6.34994783237e-17
2116.64 5.43771637218e-17
2118.18 4.47295799829e-17
2119.72 3.60504721193e-17
2121.26 2.98988816243e-17
2122.8 2.80298893241e-17
2124.34 2.93558810657e-17
2125.88 3.29855971204e-17
2127.42 3.89579388504e-17
2128.96 4.57978269614e-17
2130.5 5.08956177184e-17
2132.04 5.22912850626e-17
2133.58 4.95967561586e-17
2135.12 4.45000856039e-17
2136.66 3.93209441241e-17
2138.2 3.59982346273e-17
2139.74 3.56289898445e-17
2141.28 3.82241165129e-17
2142.82 4.16749983553e-17
2144.36 4.47757393377e-17
2145.9 4.77218920596e-17
2147.44 4.87488642091e-17
2148.98 4.7357775674e-17
2150.52 4.37885756463e-17
2152.06 3.87070275229e-17
2153.6 3.47747689168e-17
2155.14 3.41396563448e-17
2156.68 3.75510204528e-17
2158.22 4.50615844739e-17
2159.76 5.36979815079e-17
2161.3 6.04179468569e-17
2162.84 6.50333961793e-17
2164.38 6.72932506892e-17
2165.92 6.70203033272e-17
2167.46 6.64111180145e-17
2169.0 6.58010386962e-17
2170.54 6.40260613329e-17
2172.08 6.04774914542e-17
2173.62 5.44060465451e-17
2175.16 4.76434673868e-17
2176.7 4.22700645228e-17
2178.24 3.96455446068e-17
2179.78 3.99407280313e-17
2181.32 4.38769656185e-17
2182.86 5.00455123241e-17
2184.4 5.62554131624e-17
2185.94 6.17540522815e-17
2187.48 6.43950688125e-17
2189.02 6.3431393177e-17
2190.56 5.93947677534e-17
2192.1 5.3824158052e-17
2193.64 4.82481836286e-17
2195.18 4.36681562161e-17
2196.72 3.96403812324e-17
2198.26 3.61565296573e-17
2199.8 3.40858373576e-17
2201.34 3.36915028386e-17
2202.88 3.53898247084e-17
2204.42 3.84918382738e-17
2205.96 4.17429792522e-17
2207.5 4.35084645233e-17
2209.04 4.29733943949e-17
2210.58 4.10796710669e-17
2212.12 3.86513318964e-17
2213.66 3.64888262673e-17
2215.2 3.51260499169e-17
2216.74 3.43408375863e-17
2218.28 3.43870989934e-17
2219.82 3.52833973163e-17
2221.36 3.68597995797e-17
2222.9 3.92475118432e-17
2224.44 4.19514714255e-17
2225.98 4.45678810025e-17
2227.52 4.73656833204e-17
2229.06 4.98283824331e-17
2230.6 5.0531110037e-17
2232.14 4.88483753764e-17
2233.68 4.49885386488e-17
2235.22 3.98002863467e-17
2236.76 3.51396443133e-17
2238.3 3.23609088972e-17
2239.84 3.15708052551e-17
2241.38 3.16116773002e-17
2242.92 3.30535336362e-17
2244.46 3.74817221789e-17
2246.0 4.49008592992e-17
2247.54 5.31467040383e-17
2249.08 6.00970831894e-17
2250.62 6.56206695932e-17
2252.16 6.83458534715e-17
2253.7 6.75164478008e-17
2255.24 6.47252392039e-17
2256.78 6.37763560249e-17
2258.32 6.57432383161e-17
2259.86 6.80698347466e-17
2261.4 6.90969399375e-17
2262.94 6.84190808994e-17
2264.48 6.54351439952e-17
2266.02 5.87031266414e-17
2267.56 4.9452904767e-17
2269.1 4.01807190141e-17
2270.64 3.23887754077e-17
2272.18 2.66072017513e-17
2273.72 2.27240058441e-17
2275.26 2.06154782498e-17
2276.8 1.9426065769e-17
2278.34 1.82252947869e-17
2279.88 1.7612501101e-17
2281.42 2.02944910201e-17
2282.96 2.79251347096e-17
2284.5 3.92684650267e-17
2286.04 5.07600045174e-17
2287.58 5.742504457e-17
2289.12 5.6771394195e-17
2290.66 5.02360096094e-17
2292.2 4.09780240165e-17
2293.74 3.37921929809e-17
2295.28 3.1895641096e-17
2296.82 3.54403281762e-17
2298.36 4.19772530706e-17
2299.9 4.77468911996e-17
2301.44 5.22207712227e-17
2302.98 5.53136547414e-17
2304.52 5.69881098593e-17
2306.06 5.72940141588e-17
2307.6 5.65962421832e-17
2309.14 5.49418210675e-17
2310.68 5.16459262745e-17
2312.22 4.62547889101e-17
2313.76 3.9870441803e-17
2315.3 3.59993428073e-17
2316.84 3.52879934382e-17
2318.38 3.67434810924e-17
2319.92 3.88954130585e-17
2321.46 3.99527120599e-17
2323.0 3.96118679576e-17
2324.54 3.78536729776e-17
2326.08 3.60545701202e-17
2327.62 3.68372367781e-17
2329.16 3.96898490546e-17
2330.7 4.21294513714e-17
2332.24 4.51915435391e-17
2333.78 5.10521171387e-17
2335.32 5.83643659016e-17
2336.86 6.47012807455e-17
2338.4 6.90890896713e-17
2339.94 7.68380432904e-17
2341.48 9.33330865268e-17
2343.02 1.15629240731e-16
2344.56 1.36992052192e-16
2346.1 1.51789156241e-16
2347.64 1.54889035085e-16
2349.18 1.4503570983e-16
2350.72 1.28301808641e-16
2352.26 1.12415397812e-16
2353.8 1.01844822491e-16
2355.34 9.31542165742e-17
2356.88 8.15703983157e-17
2358.42 6.97589875259e-17
2359.96 6.43231267817e-17
2361.5 6.75465530128e-17
2363.04 7.68853183752e-17
2364.58 8.74525893251e-17
2366.12 9.32003181346e-17
2367.66 9.17177487165e-17
2369.2 8.46897877681e-17
2370.74 7.76296995053e-17
2372.28 7.53620357585e-17
2373.82 7.959125888e-17
2375.36 9.22759871316e-17
2376.9 1.12133181689e-16
2378.44 1.43037932393e-16
2379.98 1.859347139e-16
2381.52 2.29183067313e-16
2383.06 2.58900367014e-16
2384.6 2.64714076669e-16
2386.14 2.43529547088e-16
2387.68 2.02567754577e-16
2389.22 1.57107538847e-16
2390.76 1.19532940052e-16
2392.3 9.9190775836e-17
2393.84 9.18605839433e-17
2395.38 8.69015538043e-17
2396.92 8.03648538372e-17
2398.46 6.98716376651e-17
2400.0 5.6649293238e-17
2401.54 4.45730389636e-17
2403.08 3.68398294583e-17
2404.62 3.43752965849e-17
2406.16 3.827572487e-17
2407.7 4.6637509474e-17
2409.24 5.41884241925e-17
2410.78 5.91232861764e-17
2412.32 6.15244022928e-17
2413.86 6.19626303027e-17
2415.4 6.2884201983e-17
2416.94 6.44639043704e-17
2418.48 6.60314984679e-17
2420.02 6.8623209503e-17
2421.56 7.27563867373e-17
2423.1 7.84952176545e-17
2424.64 8.81660905351e-17
2426.18 9.91850761472e-17
2427.72 1.07525613866e-16
2429.26 1.10852568312e-16
2430.8 1.05458030384e-16
2432.34 9.317237959e-17
2433.88 8.0146460416e-17
2435.42 7.03449277864e-17
2436.96 6.4563678312e-17
2438.5 6.25122952741e-17
2440.04 6.22055709734e-17
2441.58 6.47539408811e-17
2443.12 6.91975957353e-17
2444.66 7.11128035606e-17
2446.2 6.99984887213e-17
2447.74 6.84554062843e-17
2449.28 6.84460371235e-17
2450.82 6.87624023232e-17
2452.36 6.87811029648e-17
2453.9 6.89324576896e-17
2455.44 6.73323251097e-17
2456.98 6.11186365173e-17
2458.52 5.39095274333e-17
2460.06 5.15155409496e-17
2461.6 5.44748204258e-17
2463.14 5.82725423757e-17
2464.68 5.85035459136e-17
2466.22 5.42202599096e-17
2467.76 4.5657555383e-17
2469.3 3.53457414474e-17
2470.84 2.84682559168e-17
2472.38 2.85825346147e-17
2473.92 3.35036100029e-17
2475.46 3.93789593514e-17
2477.0 4.3339642307e-17
2478.54 4.38721279926e-17
2480.08 4.14928992349e-17
2481.62 3.76414834014e-17
2483.16 3.39953535472e-17
2484.7 3.20836998318e-17
2486.24 3.18142765955e-17
2487.78 3.14253646713e-17
2489.32 3.02912161205e-17
2490.86 2.9458224102e-17
2492.4 3.06347558345e-17
2493.94 3.3994316339e-17
2495.48 3.72651923008e-17
2497.02 3.87073351285e-17
2498.56 3.80554357113e-17
2500.1 3.51974959194e-17
2501.64 3.11474473343e-17
2503.18 2.97535677287e-17
2504.72 3.24523609723e-17
2506.26 3.81817124239e-17
2507.8 4.55224962734e-17
2509.34 5.11228650663e-17
2510.88 5.35469859728e-17
2512.42 5.25487959437e-17
2513.96 4.80372021807e-17
2515.5 4.27493278206e-17
2517.04 4.01151428924e-17
2518.58 4.08095492854e-17
2520.12 4.45607979443e-17
2521.66 4.95577567743e-17
2523.2 5.31213686728e-17
2524.74 5.50977717712e-17
2526.28 5.61833140946e-17
2527.82 5.69847577538e-17
2529.36 5.82631387233e-17
2530.9 5.92070221043e-17
2532.44 5.76936231663e-17
2533.98 5.30490797856e-17
2535.52 4.82697155832e-17
2537.06 4.72038435981e-17
2538.6 5.02694804486e-17
2540.14 5.57924951651e-17
2541.68 5.99541868566e-17
2543.22 6.05991541211e-17
2544.76 5.90347331288e-17
2546.3 5.66480229555e-17
2547.84 5.69391159582e-17
2549.38 6.33687414721e-17
2550.92 7.28361909121e-17
2552.46 8.02064901404e-17
2554.0 8.34727052089e-17
2555.54 8.07409220987e-17
2557.08 7.21410222412e-17
2558.62 6.05806284321e-17
2560.16 4.89278714126e-17
2561.7 4.10155848649e-17
2563.24 3.95737792978e-17
2564.78 4.23982432535e-17
2566.32 4.82319100305e-17
2567.86 5.54818658258e-17
2569.4 6.07397421125e-17
2570.94 6.2451819843e-17
2572.48 6.07504376764e-17
2574.02 5.6080848831e-17
2575.56 5.2399993727e-17
2577.1 5.55860602957e-17
2578.64 6.90511096142e-17
2580.18 9.06174885157e-17
2581.72 1.19772879097e-16
2583.26 1.61982820755e-16
2584.8 2.09621528625e-16
2586.34 2.49972122764e-16
2587.88 2.78769960954e-16
2589.42 2.90279352048e-16
2590.96 2.79433094929e-16
2592.5 2.51755182221e-16
2594.04 2.16614805011e-16
2595.58 1.94991481676e-16
2597.12 2.06106952974e-16
2598.66 2.39962366838e-16
2600.2 2.81618159449e-16
2601.74 3.17260611787e-16
2603.28 3.26968507024e-16
2604.82 3.05380759247e-16
2606.36 2.61700201273e-16
2607.9 2.08202748196e-16
2609.44 1.64814251399e-16
2610.98 1.42643789034e-16
2612.52 1.317581795e-16
2614.06 1.25219565062e-16
2615.6 1.21614237129e-16
2617.14 1.16642181477e-16
2618.68 1.07960003018e-16
2620.22 9.69961821541e-17
2621.76 8.87130144784e-17
2623.3 8.73563455594e-17
2624.84 8.94477178326e-17
2626.38 9.047567675e-17
2627.92 9.11915676802e-17
2629.46 9.11419251698e-17
2631.0 8.82098935049e-17
2632.54 8.2738619303e-17
2634.08 7.85851481827e-17
2635.62 7.66465472236e-17
2637.16 7.44642647516e-17
2638.7 7.0062343735e-17
2640.24 6.43726406181e-17
2641.78 6.13796093074e-17
2643.32 6.37148058534e-17
2644.86 7.13840675543e-17
2646.4 8.24837184306e-17
2647.94 9.44532401097e-17
2649.48 1.0187910466e-16
2651.02 9.95962387733e-17
2652.56 8.7628097774e-17
2654.1 7.07498307067e-17
2655.64 5.5767860463e-17
2657.18 4.37865552391e-17
2658.72 3.40594293677e-17
2660.26 2.84538808121e-17
2661.8 2.7117779344e-17
2663.34 2.71194316525e-17
2664.88 2.65813846506e-17
2666.42 2.60495014093e-17
2667.96 2.64268947523e-17
2669.5 2.83046121046e-17
2671.04 3.05585181871e-17
2672.58 3.29135696167e-17
2674.12 3.64061867827e-17
2675.66 4.21120547721e-17
2677.2 5.02482157577e-17
2678.74 6.01544529399e-17
2680.28 6.98767752554e-17
2681.82 7.59670758276e-17
2683.36 7.58333684058e-17
2684.9 7.13539596437e-17
2686.44 6.62718160684e-17
2687.98 6.26209010439e-17
2689.52 6.09975061016e-17
2691.06 5.85996990228e-17
2692.6 5.28990457015e-17
2694.14 4.50051208639e-17
2695.68 3.73070963947e-17
2697.22 3.21908561707e-17
2698.76 3.06378209085e-17
2700.3 3.10215436724e-17
2701.84 3.30050620669e-17
2703.38 3.57240959312e-17
2704.92 3.74269576273e-17
2706.46 3.88728930625e-17
2708.0 4.3244105621e-17
2709.54 5.08239977043e-17
2711.08 5.76694857645e-17
2712.62 6.29930689675e-17
2714.16 6.75208176042e-17
2715.7 7.1309687344e-17
2717.24 7.35441927338e-17
2718.78 7.70918632189e-17
2720.32 8.51793201768e-17
2721.86 9.6397402182e-17
2723.4 1.05140217644e-16
2724.94 1.05376766529e-16
2726.48 9.80303314004e-17
2728.02 8.52631678499e-17
2729.56 7.09603046018e-17
2731.1 6.02380968758e-17
2732.64 5.68246247169e-17
2734.18 6.04370692203e-17
2735.72 6.90611009203e-17
2737.26 7.97539493257e-17
2738.8 8.72675490377e-17
2740.34 8.80849501058e-17
2741.88 8.36954879363e-17
2743.42 7.84298815058e-17
2744.96 7.45018921406e-17
2746.5 7.31054978761e-17
2748.04 7.43662263522e-17
2749.58 7.6836684414e-17
2751.12 7.61707397197e-17
2752.66 7.02555207201e-17
2754.2 6.10627027155e-17
2755.74 5.2955480482e-17
2757.28 4.65924304259e-17
2758.82 4.11540814787e-17
2760.36 3.93463085086e-17
2761.9 4.24532258534e-17
2763.44 5.17170782115e-17
2764.98 6.51636915481e-17
2766.52 7.7586725417e-17
2768.06 8.65040151546e-17
2769.6 9.22264167721e-17
2771.14 9.38994780444e-17
2772.68 9.09393681386e-17
2774.22 8.54847902766e-17
2775.76 7.79767200901e-17
2777.3 7.04248659569e-17
2778.84 6.33003766828e-17
2780.38 5.63912754468e-17
2781.92 5.39839546907e-17
2783.46 5.92435590442e-17
2785.0 7.45012452486e-17
2786.54 1.07716886039e-16
2788.08 1.71240580534e-16
2789.62 2.5499144217e-16
2791.16 3.53401561362e-16
2792.7 4.80056159414e-16
2794.24 6.11205581538e-16
2795.78 7.22667270331e-16
2797.32 8.01926874049e-16
2798.86 8.43553244161e-16
2800.4 8.70033559633e-16
2801.94 8.8052121286e-16
2803.48 8.59829026451e-16
2805.02 8.23473306286e-16
2806.56 7.71374536419e-16
2808.1 6.74444258593e-16
2809.64 5.4842316131e-16
2811.18 4.19163507526e-16
2812.72 3.05587764024e-16
2814.26 2.2480737321e-16
2815.8 1.64642729909e-16
2817.34 1.24749707152e-16
2818.88 1.06724132616e-16
2820.42 9.74512078887e-17
2821.96 9.02628610446e-17
2823.5 8.52381220154e-17
2825.04 8.08121369742e-17
2826.58 7.6664972025e-17
2828.12 7.53575868877e-17
2829.66 7.73241318491e-17
2831.2 8.01361488117e-17
2832.74 8.54086958231e-17
2834.28 9.52601815054e-17
2835.82 1.0711117835e-16
2837.36 1.17641881819e-16
2838.9 1.21789153675e-16
2840.44 1.16438492271e-16
2841.98 1.02372122979e-16
2843.52 8.30337106859e-17
2845.06 6.58198102437e-17
2846.6 5.97250333033e-17
2848.14 7.09381211454e-17
2849.68 1.03894875782e-16
2851.22 1.50808262354e-16
2852.76 1.91917660552e-16
2854.3 2.12564286207e-16
2855.84 2.11868413041e-16
2857.38 1.95785454206e-16
2858.92 1.70024644234e-16
2860.46 1.4407282543e-16
2862.0 1.27512621236e-16
2863.54 1.1991926209e-16
2865.08 1.12124748117e-16
2866.62 1.0301558225e-16
2868.16 1.00187914724e-16
2869.7 1.07290084396e-16
2871.24 1.19336491439e-16
2872.78 1.30816543172e-16
2874.32 1.39715266722e-16
2875.86 1.42346034667e-16
2877.4 1.37959492358e-16
2878.94 1.32850151194e-16
2880.48 1.31348153013e-16
2882.02 1.32426074753e-16
2883.56 1.33416312378e-16
2885.1 1.32894359646e-16
2886.64 1.29343407743e-16
2888.18 1.19362254397e-16
2889.72 1.04883312679e-16
2891.26 9.33556323151e-17
2892.8 8.81055952742e-17
2894.34 8.47073980821e-17
2895.88 8.49049394389e-17
2897.42 9.189811661e-17
2898.96 1.02506708129e-16
2900.5 1.15660567821e-16
2902.04 1.3155482046e-16
2903.58 1.47448311933e-16
2905.12 1.60089342453e-16
2906.66 1.62996153134e-16
2908.2 1.52504235251e-16
2909.74 1.33906565032e-16
2911.28 1.10553080705e-16
2912.82 8.6440200451e-17
2914.36 7.02066756036e-17
2915.9 6.51750289992e-17
2917.44 6.79012779632e-17
2918.98 7.6498256695e-17
2920.52 8.71949105812e-17
2922.06 9.81697222901e-17
2923.6 1.09205271547e-16
2925.14 1.19090932108e-16
2926.68 1.27402857683e-16
2928.22 1.33574864854e-16
2929.76 1.38124524035e-16
2931.3 1.41517332125e-16
2932.84 1.46582412214e-16
2934.38 1.55356918306e-16
2935.92 1.69203105563e-16
2937.46 1.85656241825e-16
2939.0 1.99831762852e-16
2940.54 2.06653041808e-16
2942.08 1.999009843e-16
2943.62 1.78098068706e-16
2945.16 1.46027864891e-16
2946.7 1.13918404217e-16
2948.24 8.84198265141e-17
2949.78 7.22232670298e-17
2951.32 6.60142879645e-17
2952.86 6.70657667702e-17
2954.4 7.25076919797e-17
2955.94 8.03880203518e-17
2957.48 8.92802132085e-17
2959.02 9.70026716176e-17
2960.56 1.00592662843e-16
2962.1 9.93545239081e-17
2963.64 9.83076312329e-17
2965.18 1.02902451783e-16
2966.72 1.18413211658e-16
2968.26 1.44691191442e-16
2969.8 1.74168433974e-16
2971.34 1.98899321704e-16
2972.88 2.13586297402e-16
2974.42 2.21334068791e-16
2975.96 2.23456813354e-16
2977.5 2.16940660509e-16
2979.04 1.99559326221e-16
2980.58 1.76080473391e-16
2982.12 1.50834089305e-16
2983.66 1.31339740553e-16
2985.2 1.26194392396e-16
2986.74 1.40138520969e-16
2988.28 1.71673813374e-16
2989.82 2.09007079597e-16
2991.36 2.42534001273e-16
2992.9 2.60967718343e-16
2994.44 2.62114639219e-16
2995.98 2.52715920793e-16
2997.52 2.364175404e-16
2999.06 2.11947720143e-16
3000.6 1.81621756499e-16
3002.14 1.47314370103e-16
3003.68 1.12266715623e-16
3005.22 8.13512026378e-17
3006.76 5.76672579059e-17
3008.3 4.85305387731e-17
3009.84 5.51931271778e-17
3011.38 6.89221082193e-17
3012.92 8.19218589909e-17
3014.46 9.3094348214e-17
3016.0 1.00391846546e-16
3017.54 1.04324574185e-16
3019.08 1.06981774779e-16
3020.62 1.05129385238e-16
3022.16 9.73746850212e-17
3023.7 8.60026884768e-17
3025.24 7.33288287465e-17
3026.78 6.18583200621e-17
3028.32 5.80567822779e-17
3029.86 7.1861056046e-17
3031.4 1.06967560402e-16
3032.94 1.59458263989e-16
3034.48 2.16365994177e-16
3036.02 2.61792912589e-16
3037.56 2.83088990428e-16
3039.1 2.80183689487e-16
3040.64 2.60949939726e-16
3042.18 2.3148629239e-16
3043.72 2.01215919021e-16
3045.26 1.73678946424e-16
3046.8 1.50341979036e-16
3048.34 1.29738044759e-16
3049.88 1.12751419595e-16
3051.42 1.02551782399e-16
3052.96 1.00232501114e-16
3054.5 1.04212532391e-16
3056.04 1.14232588974e-16
3057.58 1.36273242901e-16
3059.12 1.64622454214e-16
3060.66 1.87671777188e-16
3062.2 2.01610624534e-16
3063.74 2.04056661561e-16
3065.28 1.98344879068e-16
3066.82 1.93013982616e-16
3068.36 1.92425214261e-16
3069.9 1.96492900022e-16
3071.44 2.01668383908e-16
3072.98 2.04521133375e-16
3074.52 2.03219463241e-16
3076.06 1.95597818879e-16
3077.6 1.78493690719e-16
3079.14 1.55262941209e-16
3080.68 1.36030172977e-16
3082.22 1.3408571952e-16
3083.76 1.65831036096e-16
3085.3 2.34384316478e-16
3086.84 3.17344394141e-16
3088.38 3.7881500779e-16
3089.92 3.91250047196e-16
3091.46 3.52493332231e-16
3093.0 2.80529395096e-16
3094.54 2.06787702536e-16
3096.08 1.55213707568e-16
3097.62 1.36094323971e-16
3099.16 1.41728261527e-16
3100.7 1.54313940582e-16
3102.24 1.69552459242e-16
3103.78 1.90057354951e-16
3105.32 2.2076467831e-16
3106.86 2.56139998027e-16
3108.4 2.80834998197e-16
3109.94 2.84795729769e-16
3111.48 2.69656682612e-16
3113.02 2.42093613099e-16
3114.56 2.12093397366e-16
3116.1 1.86529353795e-16
3117.64 1.70890476704e-16
3119.18 1.67646818081e-16
3120.72 1.71331816429e-16
3122.26 1.78878951307e-16
3123.8 1.90086052662e-16
3125.34 2.00634752247e-16
3126.88 2.01571226977e-16
3128.42 1.88111680601e-16
3129.96 1.63989769686e-16
3131.5 1.39941991843e-16
3133.04 1.18452851698e-16
3134.58 1.0240647298e-16
3136.12 9.7591560053e-17
3137.66 1.12161205016e-16
3139.2 1.46920958988e-16
3140.74 1.88333213992e-16
3142.28 2.22911298518e-16
3143.82 2.3866894161e-16
3145.36 2.29906811138e-16
3146.9 2.00648843097e-16
3148.44 1.69523484371e-16
3149.98 1.61716435733e-16
3151.52 2.03389934553e-16
3153.06 2.93847658836e-16
3154.6 4.2573641052e-16
3156.14 6.55315366776e-16
3157.68 1.00553151309e-15
3159.22 1.55638173034e-15
3160.76 2.27878820289e-15
3162.3 2.89339989538e-15
3163.84 2.97129671533e-15
3165.38 2.24780650447e-15
3166.92 8.52851389234e-16
3167.92 0.0
3168.92 0.0
