wave norm
1568.4478 -0
1569.9914 0.0
1571.535 0.0
1573.0785 0.0
1574.6221 0.0
1576.1657 0.0
1577.7093 0.0
1579.2529 0.0
1580.7965 38.2214590896
1582.3402 10.7773169565
1583.8838 8.9242763782
1585.4275 15.8666334044
1586.9711 5.93507275644
1588.5148 0.35421520255
1590.0585 1.27775418272
1591.6021 3.58496415049
1593.1458 -1.99267430584
1594.6895 1.71494085983
1596.2332 1.43951989804
1597.777 -0.21379992229
1599.3207 3.24049204562
1600.8644 -3.82556080514
1602.4082 2.04159598631
1603.9519 -3.45696557527
1605.4957 0.0315892221747
1607.0395 7.5538319539
1608.5833 -3.66889807911
1610.1271 -15.1361574944
1611.6709 64.316044463
1613.2147 -11.9182719089
1614.7585 -9.25927386936
1616.3023 -3.21997682513
1617.8462 1.48009697672
1619.39 0.640043522055
1620.9339 2.50894532733
1622.4777 -0.592612250027
1624.0216 1.54550010296
1625.5655 -1.71379019974
1627.1094 -2.13391531175
1628.6533 -0.7761617139
1630.1972 0.274783439429
1631.7411 -0.724926345374
1633.285 -0.574755903364
1634.829 2.34796184479
1636.3729 -0.155122469118
1637.9169 2.41468575557
1639.4608 -10.8948682898
1641.0048 -1.23473474319
1642.5488 -0.163650573697
1644.0928 2.74020857239
1645.6368 2.42746801504
1647.1808 0.312391001571
1648.7248 1.30704613274
1650.2689 -0.637976379535
1651.8129 0.94507186108
1653.3569 0.175588292029
1654.901 0.49610505872
1656.4451 0.126894183328
1657.9891 0.172032544453
1659.5332 0.107536592279
1661.0773 -0.131862859377
1662.6214 -0.240839937947
1664.1655 -0.808551416541
1665.7097 0.102543890929
1667.2538 0.745393939674
1668.7979 0.317223368436
1670.3421 1.60702598159
1671.8862 0.0696994183457
1673.4304 0.504629081526
1674.9746 1.76118708742
1676.5187 0.377260474243
1678.0629 0.832631567761
1679.6071 0.845304610598
1681.1514 -0.749437365078
1682.6956 -0.0249742842799
1684.2398 0.448934210122
1685.784 -0.813556337956
1687.3283 2.36525259084
1688.8725 2.28556437261
1690.4168 1.8486356704
1691.9611 2.8504006882
1693.5054 4.01968724552
1695.0497 0.209115789331
1696.594 -2.59279998419
1698.1383 11.7955815346
1699.6826 0.706676137091
1701.2269 -2.91436217746
1702.7713 2.73078162005
1704.3156 1.53765052145
1705.86 3.61668552902
1707.4043 4.46807066262
1708.9487 1.19652209865
1710.4931 3.08198859615
1712.0375 5.17649943058
1713.5819 6.5629084009
1715.1263 3.15206249756
1716.6707 -2.90412557303
1718.2151 1.75888213891
1719.7596 0.424128338067
1721.304 2.62683897436
1722.8485 -0.384596651875
1724.393 1.25035496504
1725.9374 0.116473904016
1727.4819 2.33990084301
1729.0264 0.691817140189
1730.5709 -0.373860840132
1732.1154 1.01877459005
1733.6599 1.55679143398
1735.2045 0.355895589358
1736.749 -0.190823057342
1738.2936 1.83164675477
1739.8381 0.557853070751
1741.3827 0.327937263345
1742.9273 1.11353847642
1744.4718 -0.613551957681
1746.0164 0.626902849087
1747.561 0.698938342015
1749.1056 0.463511922187
1750.6503 1.00568923046
1752.1949 -0.528973617374
1753.7395 1.63932654855
1755.2842 -0.179637537591
1756.8288 3.26759161332
1758.3735 0.336833862597
1759.9182 1.81417149731
1761.4629 0.61058487878
1763.0076 -1.23609145848
1764.5523 0.880305031119
1766.097 -0.743771213817
1767.6417 -0.260042989845
1769.1864 0.10859944967
1770.7312 1.01490637469
1772.2759 0.471758574321
1773.8207 0.630131981425
1775.3654 0.585527364599
1776.9102 1.32445647919
1778.455 0.380242147843
1779.9998 0.693034942032
1781.5446 0.345414658829
1783.0894 1.25503802857
1784.6342 0.875946631328
1786.1791 0.833463141212
1787.7239 0.220511655063
1789.2687 1.00053002484
1790.8136 0.786492564865
1792.3585 0.556307875721
1793.9033 0.981011604603
1795.4482 0.658889663083
1796.9931 0.812483067521
1798.538 0.960898863223
1800.0829 1.56164993796
1801.6279 1.19637383051
1803.1728 1.63019843064
1804.7177 1.19589026969
1806.2627 1.59014793701
1807.8076 0.910412668188
1809.3526 1.03835910647
1810.8976 0.963466777357
1812.4426 1.17636732387
1813.9875 1.03784047556
1815.5325 1.25621736677
1817.0776 1.34092148717
1818.6226 1.41110931902
1820.1676 1.26806294253
1821.7127 1.0613513007
1823.2577 1.43745719527
1824.8028 0.966083076984
1826.3478 0.97438563127
1827.8929 1.52953656487
1829.438 0.948810447189
1830.9831 0.905507098138
1832.5282 1.21170557372
1834.0733 0.955978043299
1835.6184 1.14095829827
1837.1635 0.817790359923
1838.7087 1.21737297591
1840.2538 1.14177112827
1841.799 0.708186420627
1843.3442 1.24482723665
1844.8893 1.19265663133
1846.4345 0.753634187429
1847.9797 0.969598638662
1849.5249 0.575514961833
1851.0701 1.01244110744
1852.6154 1.02225492248
1854.1606 1.24842312191
1855.7058 0.565164124929
1857.2511 0.78420820563
1858.7963 0.920943290346
1860.3416 0.717211961558
1861.8869 0.828066237102
1863.4322 0.910745083244
1864.9775 1.34826359623
1866.5228 0.796663399024
1868.0681 1.11374883911
1869.6134 0.95960305345
1871.1587 0.934713037506
1872.7041 1.1200501509
1874.2494 0.920872353686
1875.7948 0.943836615825
1877.3401 1.02235465185
1878.8855 1.04643660876
1880.4309 1.00809017158
1881.9763 0.943562601687
1883.5217 1.05035524716
1885.0671 0.944886874917
1886.6125 1.1554742485
1888.158 1.02979506387
1889.7034 1.19791733228
1891.2489 0.740223051415
1892.7943 0.895013660479
1894.3398 1.0439370616
1895.8853 1.1147011982
1897.4307 1.13514442528
1898.9762 0.760690679142
1900.5217 1.26697380129
1902.0673 0.975106063049
1903.6128 1.15502983992
1905.1583 0.954308608174
1906.7039 0.85754609051
1908.2494 0.825516853261
1909.795 1.17894222335
1911.3405 0.624949414543
1912.8861 0.871813155306
1914.4317 0.83366997588
1915.9773 1.11580956867
1917.5229 0.892219259539
1919.0685 1.13434243149
1920.6141 0.830862862635
1922.1598 1.02908177543
1923.7054 0.732630515072
1925.2511 0.768070813509
1926.7967 0.996457717657
1928.3424 0.922576758733
1929.8881 0.812072605868
1931.4337 0.873155501887
1932.9794 1.04702354239
1934.5251 1.11990554259
1936.0709 0.656188662216
1937.6166 0.690909282416
1939.1623 0.777522768711
1940.7081 0.919314099749
1942.2538 1.12218075002
1943.7996 0.745766649792
1945.3453 0.854579144557
1946.8911 1.17437202182
1948.4369 1.08864113578
1949.9827 0.781418172321
1951.5285 0.744879991791
1953.0743 1.26749964664
1954.6201 1.27332828223
1956.166 0.977762824674
1957.7118 1.21924760541
1959.2577 1.14796483345
1960.8035 0.842789482753
1962.3494 1.04568178531
1963.8953 1.2949011653
1965.4412 1.00372483486
1966.9871 1.21917596814
1968.533 1.20875330353
1970.0789 1.00423421441
1971.6248 0.964782124782
1973.1707 1.02021021532
1974.7167 0.841333426987
1976.2626 0.977405755742
1977.8086 1.12791804662
1979.3546 1.00321563671
1980.9005 1.11465419544
1982.4465 1.07690262869
1983.9925 0.913461508621
1985.5385 1.16403179864
1987.0845 0.974412710918
1988.6306 1.0132702756
1990.1766 1.10212620285
1991.7226 1.00650153896
1993.2687 1.10973124503
1994.8148 0.898198337359
1996.3608 0.990776110733
1997.9069 1.05004266759
1999.453 1.02557964884
2000.9991 0.903142273022
2002.5452 0.954126910604
2004.0913 0.963984667322
2005.6374 0.790217682925
2007.1836 1.04920789212
2008.7297 0.914875301823
2010.2759 0.956652399043
2011.822 1.03962081435
2013.3682 0.896064229895
2014.9144 1.03102520709
2016.4606 0.955515280025
2018.0068 0.894615050264
2019.553 0.979783681877
2021.0992 0.938552997849
2022.6454 0.977143760609
2024.1916 0.847045031128
2025.7379 1.07384430908
2027.2841 0.979077098913
2028.8304 1.05613101302
2030.3767 0.933093904744
2031.9229 0.814235512915
2033.4692 0.918952188425
2035.0155 1.06854457216
2036.5618 0.771377747227
2038.1082 0.834490305747
2039.6545 0.888618953635
2041.2008 0.965755958964
2042.7472 1.06140961251
2044.2935 0.915640870956
2045.8399 0.969419496046
2047.3862 0.935478696699
2048.9326 0.898783056974
2050.479 0.961935606256
2052.0254 1.06634449752
2053.5718 1.05573252662
2055.1182 1.09376467397
2056.6647 1.07814971793
2058.2111 1.00846194172
2059.7575 0.90781944415
2061.304 1.01472486667
2062.8505 1.09440091699
2064.3969 1.10391172978
2065.9434 0.950511697662
2067.4899 1.07686435268
2069.0364 0.928845913062
2070.5829 0.940641419398
2072.1294 0.90252478505
2073.676 0.873039845945
2075.2225 1.15547427884
2076.769 0.865795935635
2078.3156 0.962956970096
2079.8622 1.01561652198
2081.4087 1.04074888191
2082.9553 1.13772646051
2084.5019 1.01939245741
2086.0485 1.11600449537
2087.5951 1.10628958347
2089.1417 1.08343121285
2090.6884 1.0987985854
2092.235 1.18467216468
2093.7816 1.11933593098
2095.3283 0.963208202888
2096.875 1.0657922578
2098.4216 0.84454425125
2099.9683 1.09898748713
2101.515 1.00038150783
2103.0617 1.13513865273
2104.6084 0.858503619685
2106.1551 0.902504848287
2107.7019 0.987727504118
2109.2486 0.941733606422
2110.7953 0.908642062896
2112.3421 0.811869193684
2113.8889 0.976800133493
2115.4356 0.986723633896
2116.9824 0.951217199735
2118.5292 0.928047466402
2120.076 1.08778563591
2121.6228 0.868133769683
2123.1696 1.08924039402
2124.7165 0.912695614016
2126.2633 1.01296928423
2127.8101 1.02849356383
2129.357 1.17769765675
2130.9039 1.01255918773
2132.4507 1.07026871402
2133.9976 0.775782948106
2135.5445 0.956629575807
2137.0914 1.05960385854
2138.6383 1.07143359743
2140.1852 0.961043133862
2141.7322 1.03888198689
2143.2791 1.11138162555
2144.8261 1.03274553776
2146.373 0.940346475359
2147.92 1.07351394501
2149.467 1.06975495248
2151.0139 0.963884875398
2152.5609 0.832952779981
2154.1079 1.20460129909
2155.6549 1.08967127183
2157.202 1.21351177808
2158.749 0.993967491265
2160.296 0.918488468709
2161.8431 1.02669801987
2163.3901 0.871424652649
2164.9372 0.948330595553
2166.4843 1.11258238176
2168.0314 1.21930015051
2169.5785 1.27783685076
2171.1256 0.781768117461
2172.6727 1.08635887341
2174.2198 1.0699146996
2175.7669 0.895889365431
2177.3141 1.00042424741
2178.8612 0.943727586738
2180.4084 1.14628260956
2181.9555 1.18055680324
2183.5027 0.992642406721
2185.0499 0.797338904041
2186.5971 1.16470895306
2188.1443 1.00041850849
2189.6915 0.737326585213
2191.2387 1.42184817417
2192.7859 1.1405677697
2194.3332 1.19485657681
2195.8804 1.06473986141
2197.4277 1.12812677425
2198.975 1.04554372064
2200.5222 0.754304329601
2202.0695 1.02508339398
2203.6168 0.920383706817
2205.1641 0.899277269951
2206.7114 1.4572091915
2208.2588 1.26507173168
2209.8061 1.01081750499
2211.3534 1.02897847882
2212.9008 0.937114353338
2214.4481 1.14911064551
2215.9955 0.858692031209
2217.5429 0.962647177377
2219.0903 1.12963197896
2220.6377 0.860010792621
2222.1851 1.26052491196
2223.7325 0.997253653355
2225.2799 1.16256653633
2226.8273 0.786198875752
2228.3748 1.06998748618
2229.9222 0.813964071223
2231.4697 0.795987523403
2233.0172 1.02696886627
2234.5646 1.13964714575
2236.1121 0.91828031382
2237.6596 1.02385007809
2239.2071 1.09968999019
2240.7546 1.11701720353
2242.3022 0.802181977796
2243.8497 0.81285121606
2245.3972 0.927963587077
2246.9448 0.906343841456
2248.4923 0.950888773507
2250.0399 1.05617272476
2251.5875 0.778785503496
2253.1351 0.805443119206
2254.6827 0.997962407782
2256.2303 1.1589805796
2257.7779 0.964348658835
2259.3255 0.894972505667
2260.8731 0.806909029262
2262.4208 1.01641164003
2263.9684 0.860554666688
2265.5161 1.05755533232
2267.0638 1.03480574764
2268.6115 0.833648278239
2270.1591 1.24522520614
2271.7068 1.17932305978
2273.2545 1.07128732667
2274.8023 1.11836370461
2276.35 0.980463281287
2277.8977 0.875784354081
2279.4455 1.16432713598
2280.9932 0.981058532072
2282.541 0.97300190986
2284.0887 0.983785751799
2285.6365 0.979902369221
2287.1843 1.02332151012
2288.7321 0.978849264864
2290.2799 0.99413390139
2291.8277 1.08509009191
2293.3756 1.18738130621
2294.9234 0.883411629423
2296.4712 0.835778491002
2298.0191 1.00998452383
2299.567 1.0168984689
2301.1148 0.880549809291
2302.6627 1.06073811245
2304.2106 0.957735594474
2305.7585 1.0525180966
2307.3064 0.958222587465
2308.8543 1.07848317682
2310.4022 0.940974304456
2311.9502 1.00925648854
2313.4981 1.05614820522
2315.0461 0.797400871582
2316.594 0.988196852497
2318.142 1.02955231285
2319.69 1.03268700443
2321.238 0.944719641267
2322.786 0.928859518585
2324.334 0.826824043306
2325.882 0.834528261716
2327.43 0.867230934221
2328.9781 0.908903250679
2330.5261 0.889295952977
2332.0742 1.01493633539
2333.6222 0.90762798535
2335.1703 0.948861368691
2336.7184 0.902775792927
2338.2665 0.999576108304
2339.8146 0.978243072346
2341.3627 0.956846471237
2342.9108 0.964942780757
2344.4589 0.963802592985
2346.0071 0.777655739338
2347.5552 0.865068530317
2349.1034 0.890318358387
2350.6515 0.860219909388
2352.1997 0.772815582617
2353.7479 0.886440244632
2355.2961 1.03418043848
2356.8443 0.888910213918
2358.3925 1.01198855134
2359.9407 1.01518699909
2361.489 0.906717271859
2363.0372 1.00168757011
2364.5854 0.981112848629
2366.1337 1.00973480446
2367.682 1.03607990185
2369.2302 1.03334055408
2370.7785 1.0231971058
2372.3268 0.976783662401
2373.8751 1.06768733546
2375.4234 0.967434906534
2376.9717 0.976757699858
2378.5201 1.00259447574
2380.0684 0.97842511491
2381.6168 0.956934735513
2383.1651 0.722141771587
2384.7135 0.645123932289
2386.2619 0.898112869032
2387.8102 0.867894978837
2389.3586 0.969094294282
2390.907 0.76547188402
2392.4555 0.709836631956
2394.0039 0.864424070447
2395.5523 0.92399438667
2397.1007 0.890315798426
2398.6492 0.954174980719
2400.1977 1.03158417663
2401.7461 0.978024980431
2403.2946 1.0464380617
2404.8431 1.00798091086
2406.3916 1.05495218977
2407.9401 1.02555615918
2409.4886 1.07820952458
2411.0371 0.958628689204
2412.5856 1.12018541433
2414.1342 1.00650998869
2415.6827 1.00850160774
2417.2313 0.985790493083
2418.7799 1.00516230189
2420.3284 1.02182770947
2421.877 1.01278172125
2423.4256 0.972333602959
2424.9742 1.07103839548
2426.5228 1.00213973286
2428.0715 0.880656850134
2429.6201 0.982591781137
2431.1687 1.08801900279
2432.7174 1.05002879567
2434.266 0.975842092575
2435.8147 0.998151342642
2437.3634 1.11872578952
2438.9121 1.02161830456
2440.4608 0.99367584896
2442.0095 1.06990080137
2443.5582 1.02749125449
2445.1069 1.07036780228
2446.6557 1.01079637981
2448.2044 0.932971185575
2449.7531 1.00111776969
2451.3019 1.01657549618
2452.8507 0.944834721507
2454.3995 1.02606064267
2455.9482 0.945989031457
2457.497 0.945955424694
2459.0459 1.05664821457
2460.5947 0.887696011538
2462.1435 1.01343800008
2463.6923 0.974141706313
2465.2412 1.05086302257
2466.79 0.92626794882
2468.3389 1.08044681371
2469.8878 0.994821271282
2471.4366 1.04510696916
2472.9855 0.99104451069
2474.5344 1.06104782542
2476.0833 1.00134360643
2477.6322 1.12432718258
2479.1812 1.16907246699
2480.7301 1.07549592393
2482.2791 0.934440815526
2483.828 0.907440923681
2485.377 0.899910563717
2486.9259 0.905285959063
2488.4749 0.916972061204
2490.0239 0.937251700834
2491.5729 0.92820337713
2493.1219 1.00105280448
2494.6709 1.08196934211
2496.22 0.984237942286
2497.769 0.959995581561
2499.318 0.927034050596
2500.8671 0.996772602303
2502.4162 1.01713583485
2503.9652 1.05409343892
2505.5143 1.0229107916
2507.0634 0.974402752463
2508.6125 1.0724699501
2510.1616 0.942722900308
2511.7107 0.995164488598
2513.2599 0.944581728799
2514.809 0.898240267514
2516.3581 1.11101655599
2517.9073 1.01047947508
2519.4565 1.01553383876
2521.0056 0.932349043393
2522.5548 0.988113370724
2524.104 1.04441868944
2525.6532 1.01757224981
2527.2024 0.979739912187
2528.7516 0.974947638925
2530.3009 1.00382972876
2531.8501 1.0044548513
2533.3994 0.943425496414
2534.9486 0.980475642113
2536.4979 1.03261192276
2538.0472 1.00038910668
2539.5964 0.981877239022
2541.1457 0.959532398318
2542.695 0.951875860682
2544.2443 0.999224089498
2545.7937 1.04066100445
2547.343 1.01157188062
2548.8923 0.984600093026
2550.4417 0.98481889399
2551.991 0.970743446328
2553.5404 1.04306627465
2555.0898 1.01297392143
2556.6392 0.975098764703
2558.1886 1.00381536903
2559.738 1.00407466733
2561.2874 0.97252853315
2562.8368 1.02260490429
2564.3862 0.997395744866
2565.9357 1.02661479006
2567.4851 0.962546907272
2569.0346 1.05632103397
2570.584 0.943281548749
2572.1335 1.00757017207
2573.683 0.942469637068
2575.2325 0.941858598249
2576.782 0.978374080586
2578.3315 0.944980880957
2579.881 1.03553076158
2581.4306 1.03138924732
2582.9801 1.04680937496
2584.5297 0.995985905518
2586.0792 0.836074374729
2587.6288 0.797365805966
2589.1784 0.862583880956
2590.728 0.999437629081
2592.2776 1.00717097904
2593.8272 1.01978380999
2595.3768 0.761594277685
2596.9264 0.877364318803
2598.476 0.960026836498
2600.0257 0.980414977408
2601.5753 0.701218415779
2603.125 0.783639645647
2604.6747 0.820020471463
2606.2243 0.919782712248
2607.774 0.90384937618
2609.3237 0.678628146992
2610.8734 0.883936388857
2612.4232 1.01612755312
2613.9729 1.01477874445
2615.5226 0.917966209093
2617.0724 0.997011847735
2618.6221 0.975600284409
2620.1719 0.985475748695
2621.7216 1.08104772805
2623.2714 1.00354390894
2624.8212 0.90139701844
2626.371 0.97014364397
2627.9208 1.04679666735
2629.4706 1.04473369453
2631.0205 0.97488416005
2632.5703 1.04502899998
2634.1201 0.956138200848
2635.67 1.01921893866
2637.2199 1.04110647081
2638.7697 1.02572952307
2640.3196 1.02840955831
2641.8695 0.953987483072
2643.4194 1.04048854505
2644.9693 0.989516697021
2646.5192 0.961651757157
2648.0692 0.988384860082
2649.6191 1.00867618926
2651.169 0.979087127052
2652.719 0.98321863762
2654.269 0.94036778154
2655.8189 0.98332545579
2657.3689 1.00461151829
2658.9189 1.07352038477
2660.4689 0.992406983837
2662.0189 0.984331695128
2663.5689 1.01465089033
2665.119 0.997254550127
2666.669 0.986654073369
2668.219 1.04118210161
2669.7691 0.994173754501
2671.3192 1.01734828895
2672.8692 1.04733575704
2674.4193 1.1165003157
2675.9694 1.02529865821
2677.5195 1.01509698053
2679.0696 1.00775851183
2680.6198 0.931348465852
2682.1699 1.04214225062
2683.72 1.05422981709
2685.2702 0.981972809927
2686.8203 0.941825672792
2688.3705 1.01119348343
2689.9207 1.00658303985
2691.4709 0.973034357144
2693.021 0.949747020626
2694.5713 1.00780286804
2696.1215 1.00137365751
2697.6717 1.00582078861
2699.2219 1.00228319985
2700.7722 0.963155399365
2702.3224 0.981738659282
2703.8727 0.983862693439
2705.4229 0.974281729606
2706.9732 0.982886048306
2708.5235 1.03738385776
2710.0738 0.989874484685
2711.6241 1.02535271997
2713.1744 0.972939898282
2714.7247 0.97727013952
2716.2751 1.03323056303
2717.8254 1.00680264839
2719.3758 0.964780488756
2720.9261 1.01843453722
2722.4765 0.97253451208
2724.0269 1.01504608898
2725.5772 1.0090086982
2727.1276 0.961340824105
2728.6781 0.95294859881
2730.2285 1.06041262629
2731.7789 0.948867703535
2733.3293 0.984630299543
2734.8798 0.996313474421
2736.4302 1.01402063939
2737.9807 0.999838383587
2739.5312 0.967638942979
2741.0816 0.976559556073
2742.6321 0.999365520083
2744.1826 0.997239436151
2745.7331 1.04277439083
2747.2836 1.00659459729
2748.8342 1.00557866456
2750.3847 0.999308408427
2751.9352 1.01674076843
2753.4858 0.997843574044
2755.0364 1.01908255498
2756.5869 0.952056313073
2758.1375 0.950659045557
2759.6881 1.0334979525
2761.2387 1.05323883337
2762.7893 0.993660485077
2764.3399 1.02873224592
2765.8906 1.04735762801
2767.4412 1.02506479529
2768.9918 0.998672062846
2770.5425 0.991379166527
2772.0932 1.00798217383
2773.6438 1.06072110119
2775.1945 0.964566620099
2776.7452 1.00433777801
2778.2959 1.0113865787
2779.8466 0.988311132996
2781.3973 0.979542787719
2782.9481 1.04949971198
2784.4988 1.00302402871
2786.0495 1.01220387638
2787.6003 0.973451044949
2789.1511 1.02665281866
2790.7018 1.02606552625
2792.2526 1.00752373389
2793.8034 1.00978589507
2795.3542 0.956873522221
2796.905 0.779953246941
2798.4558 0.786228702184
2800.0067 0.945663508974
2801.5575 0.952325310817
2803.1084 0.85880532759
2804.6592 0.556741813665
2806.2101 0.535501757337
2807.761 0.806597309265
2809.3118 0.92481632448
2810.8627 0.863378454322
2812.4136 0.714069463833
2813.9646 0.728653026957
2815.5155 0.92629908494
2817.0664 0.954565618263
2818.6173 0.971714348362
2820.1683 0.946596073887
2821.7193 1.00805980049
2823.2702 1.00039951408
2824.8212 1.01425911719
2826.3722 0.999343797865
2827.9232 1.00445834012
2829.4742 0.998234057376
2831.0252 1.03028283542
2832.5762 1.02704881038
2834.1273 0.990921399069
2835.6783 1.01041748215
2837.2293 1.00662328844
2838.7804 1.00828462894
2840.3315 1.01520696684
2841.8826 0.965339968806
2843.4336 0.96331075645
2844.9847 0.993225602513
2846.5358 0.970407788841
2848.087 0.987582521714
2849.6381 1.01037109668
2851.1892 0.998977089136
2852.7404 0.956106137832
2854.2915 0.8887043591
2855.8427 0.924340503628
2857.3938 0.963788081843
2858.945 0.944692797191
2860.4962 0.940351834369
2862.0474 0.806623098442
2863.5986 0.846496191413
2865.1498 0.990168620779
2866.7011 0.959821483356
2868.2523 1.0524839107
2869.8035 1.02997164415
2871.3548 0.991076806744
2872.9061 1.00813796906
2874.4573 1.01924132156
2876.0086 1.01835180451
2877.5599 1.03622544585
2879.1112 0.996800359567
2880.6625 1.02165453473
2882.2138 0.988220545489
2883.7651 1.02632503556
2885.3165 1.00606819448
2886.8678 0.982294551949
2888.4192 1.01293447705
2889.9705 1.00382938322
2891.5219 1.00931291907
2893.0733 1.03740047409
2894.6247 1.00858316541
2896.1761 1.00819178407
2897.7275 1.01282524173
2899.2789 1.00674320407
2900.8304 1.00096519727
2902.3818 1.01278614237
2903.9332 1.02234217604
2905.4847 1.02646182777
2907.0362 1.00283955174
2908.5876 0.986763435728
2910.1391 0.999133385783
2911.6906 1.00657879567
2913.2421 0.993579753491
2914.7936 0.985019317999
2916.3451 0.984196599479
2917.8967 0.982183186233
2919.4482 0.993558488361
2920.9998 0.992241697076
2922.5513 0.983047457757
2924.1029 0.98222801414
2925.6545 0.975862495346
2927.2061 0.960222627863
2928.7576 0.988136969249
2930.3093 1.01363915862
2931.8609 1.00153782526
2933.4125 1.0157482814
2934.9641 0.976378303367
2936.5158 0.991985878646
2938.0674 1.01270155348
2939.6191 1.00261692782
2941.1707 1.00744382258
2942.7224 0.989868607705
2944.2741 0.98226492074
2945.8258 0.978779277978
2947.3775 0.989881703635
2948.9292 1.00929387404
2950.4809 1.00088506903
2952.0327 1.00745946791
2953.5844 1.01538308217
2955.1362 1.01311061341
2956.6879 0.978420006226
2958.2397 0.998168992826
2959.7915 1.0002623121
2961.3433 1.00488229504
2962.8951 0.999058046172
2964.4469 0.98154469335
2965.9987 1.00892387649
2967.5505 1.0159937671
2969.1023 1.01902093971
2970.6542 1.01686475292
2972.206 1.02901395021
2973.7579 1.01637197964
2975.3098 1.02338189887
2976.8617 1.04256164789
2978.4136 1.05854795912
2979.9654 1.06499393641
2981.5174 1.04422262739
2983.0693 1.03248794702
2984.6212 1.03558534237
2986.1731 1.00461176561
2987.7251 1.00607142707
2989.277 1.02213317756
2990.829 0.986394771469
2992.381 1.00674562697
2993.933 0.989670471126
2995.4849 0.993875596996
2997.037 0.975431561032
2998.589 0.995987388344
3000.141 1.00669144364
3001.693 0.999505852594
3003.245 0.994592826111
3004.7971 0.974279806211
3006.3491 0.980814522867
3007.9012 0.992692554837
3009.4533 0.937396006459
3011.0054 0.967754044262
3012.5575 0.964678080749
3014.1096 0.969153846103
3015.6617 0.980663546846
3017.2138 0.98456487117
3018.7659 1.01520975599
3020.3181 1.03214098348
3021.8702 1.01542904197
3023.4224 1.04884490318
3024.9745 1.04453463164
3026.5267 1.02190436013
3028.0789 1.02649592734
3029.6311 1.00938248455
3031.1833 1.00499801418
3032.7355 1.01602024522
3034.2877 0.971549693184
3035.84 1.01711700414
3037.3922 1.02466672231
3038.9445 1.01725277669
3040.4967 0.999602185212
3042.049 1.02457450572
3043.6013 1.01042987327
3045.1536 0.964825907792
3046.7059 0.991285977095
3048.2582 0.99929789062
3049.8105 0.976105294687
3051.3628 0.987024453909
3052.9151 0.980739874684
3054.4675 0.970663013839
3056.0198 0.936996817965
3057.5722 0.99676713434
3059.1246 0.986943503162
3060.6769 0.973724845121
3062.2293 0.938951075425
3063.7817 0.981311307312
3065.3341 0.985021381812
3066.8865 0.999693073934
3068.439 0.964709211369
3069.9914 0.986282623495
3071.5439 1.00173972551
3073.0963 1.00454140553
3074.6488 1.03333384928
3076.2012 0.960980453344
3077.7537 0.989896658133
3079.3062 0.990207343888
3080.8587 0.977830357629
3082.4112 0.985894930054
3083.9637 0.997813680305
3085.5163 0.985064474135
3087.0688 0.98955782878
3088.6213 1.04722266588
3090.1739 1.00990013012
3091.7265 0.987566192445
3093.279 1.02322625957
3094.8316 0.987370175095
3096.3842 1.00408662488
3097.9368 1.01288203198
3099.4894 0.964172997139
3101.042 1.0110168287
3102.5947 1.03589570266
3104.1473 0.996506319805
3105.7 1.00071630621
3107.2526 1.00597174818
3108.8053 1.00251155683
3110.358 0.994905616604
3111.9106 0.980624155772
3113.4633 0.987397179812
3115.016 0.963510414371
3116.5688 0.963089049809
3118.1215 0.935051033687
3119.6742 0.94633596176
3121.2269 0.958928745599
3122.7797 0.959982017348
3124.3325 0.985956959528
3125.8852 1.00771954445
3127.438 1.00018745236
3128.9908 1.00544732662
3130.5436 0.980648668278
3132.0964 0.971853062985
3133.6492 0.984084939353
3135.202 1.00512968756
3136.7549 1.04714758487
3138.3077 1.05232193392
3139.8605 1.07054891962
3141.4134 1.07258806306
3142.9663 1.08157784135
3144.5192 1.10826551145
3146.072 0.916190114188
3147.6249 0.790751685218
3149.1778 1.45627624315
3150.7308 2.58700321179
3152.2837 0.0242570833957
