wave norm
1600.0 0.79124658503
1601.5 6.94892379241
1603.0 -4.18617955856
1604.5 -5.80177033744
1606.0 5.14602168088
1607.5 -2.90793581112
1609.0 -1.02945432989
1610.5 -4.90608876868
1612.0 -2.81306060323
1613.5 -0.252890008927
1615.0 2.13598042381
1616.5 1.90292206791
1618.0 -5.46749978234
1619.5 2.18135793183
1621.0 0.132602901651
1622.5 0.666190995292
1624.0 6.48049740514
1625.5 -1.99533121924
1627.0 -8.89361964439
1628.5 -7.11878598961
1630.0 8.0792056831
1631.5 2.72279352835
1633.0 -8.00693170252
1634.5 -6.08769856259
1636.0 113.566827976
1637.5 7.14010567945
1639.0 -4.17482254659
1640.5 -2.86809740565
1642.0 2.38494970006
1643.5 1.00714286819
1645.0 -0.193515611897
1646.5 3.14999349954
1648.0 -1.7793217154
1649.5 2.91804624109
1651.0 0.0117563383402
1652.5 0.233422309812
1654.0 2.17660531967
1655.5 -2.82023603982
1657.0 1.80923597544
1658.5 -0.48774563252
1660.0 5.70377260591
1661.5 1.78416751386
1663.0 -2.04968042359
1664.5 2.63557015653
1666.0 6.25304702393
1667.5 14.076248894
1669.0 2.04380042854
1670.5 -3.26490349118
1672.0 -0.859837486674
1673.5 5.96654607489
1675.0 -2.40855236456
1676.5 -4.31957866446
1678.0 -0.601056699893
1679.5 3.10883867662
1681.0 -1.60406372416
1682.5 -0.523370558799
1684.0 -3.71044570465
1685.5 -2.55062510616
1687.0 2.42604815627
1688.5 1.73677998107
1690.0 -0.0509596334935
1691.5 1.46581665556
1693.0 0.39341035738
1694.5 -0.121766511109
1696.0 -2.01676980626
1697.5 -0.949082340066
1699.0 0.301806377317
1700.5 0.826802183845
1702.0 -0.643698306067
1703.5 0.35775702565
1705.0 1.71264804492
1706.5 -0.221435776515
1708.0 -0.511807693011
1709.5 -0.924338412511
1711.0 -1.58498819869
1712.5 1.3243581563
1714.0 0.426242444026
1715.5 0.998376589695
1717.0 0.100545782262
1718.5 -2.53379504057
1720.0 -0.273639540966
1721.5 -1.40958685202
1723.0 0.447605438817
1724.5 1.30028835348
1726.0 0.913531166193
1727.5 2.2603830245
1729.0 0.408834154831
1730.5 0.713620081147
1732.0 2.26193951353
1733.5 0.127399528635
1735.0 2.99162277327
1736.5 1.91155048838
1738.0 1.88727950728
1739.5 1.56489644839
1741.0 3.96269642012
1742.5 4.71083137281
1744.0 2.78731698686
1745.5 0.607294722611
1747.0 1.78456838318
1748.5 6.15429103266
1750.0 2.87875733613
1751.5 -1.53214982727
1753.0 0.385581544251
1754.5 1.96040800622
1756.0 4.68570370543
1757.5 -0.620675641934
1759.0 -1.95908649448
1760.5 2.2124295002
1762.0 3.55528954783
1763.5 3.4217836282
1765.0 6.20890207039
1766.5 -2.75256644086
1768.0 -1.64163230098
1769.5 1.79499380937
1771.0 -0.761530000857
1772.5 -0.0459198753032
1774.0 -0.636573535062
1775.5 -1.58258720221
1777.0 -0.710368402463
1778.5 0.671165927849
1780.0 2.58754228214
1781.5 -1.02521784939
1783.0 0.370143023271
1784.5 0.654737184712
1786.0 0.659950187073
1787.5 2.24075318129
1789.0 3.95341900189
1790.5 1.11282955436
1792.0 3.138524563
1793.5 4.14156652143
1795.0 2.08721206365
1796.5 1.52707125662
1798.0 1.19817322794
1799.5 0.631994779905
1801.0 0.361881524641
1802.5 1.41554830696
1804.0 0.952363884699
1805.5 1.32618076841
1807.0 1.34603974376
1808.5 0.383175529363
1810.0 0.323390188522
1811.5 0.0517268461374
1813.0 0.371428150663
1814.5 -0.0215749761598
1816.0 -0.171534611035
1817.5 -0.873101583131
1819.0 0.418787920256
1820.5 0.405147347122
1822.0 0.819610813071
1823.5 0.212391916613
1825.0 0.649293195162
1826.5 0.165991899835
1828.0 -0.690354037794
1829.5 -0.189627447861
1831.0 1.4028807302
1832.5 1.03513612662
1834.0 0.908081471155
1835.5 -0.412692505367
1837.0 -0.0658713509754
1838.5 1.05022930186
1840.0 0.510426641909
1841.5 1.70753330684
1843.0 0.68901782776
1844.5 -0.353338527065
1846.0 0.30555353138
1847.5 3.2296550701
1849.0 3.5017418938
1850.5 -3.93499746251
1852.0 52.1594482087
1853.5 -0.837074107762
1855.0 -3.65934907831
1856.5 0.198609777997
1858.0 2.45284977788
1859.5 0.865683906958
1861.0 0.948668994789
1862.5 0.621417978744
1864.0 0.811926221821
1865.5 -1.61573485449
1867.0 -1.67767490593
1868.5 -2.99658964601
1870.0 -1.12075445271
1871.5 -0.866781269589
1873.0 -2.72886439099
1874.5 -0.313505779072
1876.0 -2.72621041512
1877.5 -1.35573232332
1879.0 -1.55195566802
1880.5 0.992101715501
1882.0 -0.760436390143
1883.5 3.32831068202
1885.0 -4.30034827675
1886.5 3.21102698194
1888.0 0.91106218181
1889.5 -0.715337585053
1891.0 -2.04471676294
1892.5 0.29559607898
1894.0 -0.0509650792688
1895.5 -7.01213565667
1897.0 -7.38596215921
1898.5 1.33556461267
1900.0 1.91205912266
1901.5 -4.18796574208
1903.0 0.330350210512
1904.5 0.859422465883
1906.0 -5.9438161302
1907.5 -4.75500463744
1909.0 1.98688283755
1910.5 4.02649006028
1912.0 -2.49938060437
1913.5 20.6126810418
1915.0 3.07183278516
1916.5 6.42178514804
1918.0 -1.79451841643
1919.5 0.873885163754
1921.0 -2.50150659223
1922.5 1.74288708721
1924.0 1.34174849183
1925.5 0.495542757277
1927.0 0.434416597995
1928.5 -0.667569230136
1930.0 -0.82956649528
1931.5 0.282258942615
1933.0 0.0813646580841
1934.5 0.0482726812784
1936.0 1.02554722468
1937.5 0.644786198
1939.0 1.53341149401
1940.5 -0.029226093556
1942.0 0.21348728313
1943.5 0.410241622683
1945.0 1.4563111901
1946.5 1.33431980016
1948.0 1.26113209078
1949.5 -0.0678943659408
1951.0 -0.182976062318
1952.5 0.400202913258
1954.0 1.63512747275
1955.5 5.39045112615
1957.0 -3.61894875868
1958.5 -11.7438103693
1960.0 -2.01421293129
1961.5 4.75547442093
1963.0 2.19345053407
1964.5 -1.33179398728
1966.0 -3.5156141424
1967.5 -0.115826771079
1969.0 -2.15053165167
1970.5 -1.24896432279
1972.0 1.59750722988
1973.5 -1.18869186225
1975.0 -0.930421825324
1976.5 -0.386595649729
1978.0 1.17516735604
1979.5 2.76011543418
1981.0 0.890743980382
1982.5 0.00915382772736
1984.0 3.56147085584
1985.5 2.98439603744
1987.0 -2.97820218596
1988.5 0.878832276282
1990.0 3.46188271664
1991.5 4.6900396385
1993.0 -1.46378189006
1994.5 -0.270309200057
1996.0 -1.0991796702
1997.5 -1.51190965678
1999.0 -1.24716186233
2000.5 0.928374498725
2002.0 0.920322996128
2003.5 -0.377047703666
2005.0 -1.31642084222
2006.5 -1.68868411035
2008.0 -2.71376500389
2009.5 -3.00166229624
2011.0 1.28266109843
2012.5 0.0771719847781
2014.0 0.76775117886
2015.5 0.593693833698
2017.0 0.74940118449
2018.5 -2.19383258716
2020.0 0.720991681449
2021.5 1.70209502154
2023.0 0.402598008311
2024.5 0.191512602673
2026.0 -0.301358638055
2027.5 -1.40728647718
2029.0 -1.05209297328
2030.5 -0.61912861968
2032.0 -1.29663783122
2033.5 -1.49960700463
2035.0 -1.03390941786
2036.5 0.521780050724
2038.0 0.126969260701
2039.5 -1.19572021688
2041.0 1.9625344325
2042.5 0.571020622917
2044.0 -2.79864084253
2045.5 0.197834041691
2047.0 -0.97179731054
2048.5 -4.04640203821
2050.0 -4.56964914603
2051.5 -5.23569328586
2053.0 -43.4100888584
2054.5 30.6862452885
2056.0 9.19171852736
2057.5 10.5100364046
2059.0 3.39131469822
2060.5 2.12077732981
2062.0 0.626222434147
2063.5 0.550495633693
2065.0 -0.533207995339
2066.5 3.52974314984
2068.0 0.255054196366
2069.5 0.184948585704
2071.0 1.00673676004
2072.5 2.38664250087
2074.0 1.93230530605
2075.5 2.63259020369
2077.0 1.24102747229
2078.5 1.73603883062
2080.0 -0.580042792682
2081.5 -1.48617009001
2083.0 0.422238775499
2084.5 0.0188436240905
2086.0 -0.765395104476
2087.5 -0.111487335528
2089.0 -0.987841840294
2090.5 -0.342949975189
2092.0 2.2472253572
2093.5 2.7148848664
2095.0 -0.753260888778
2096.5 -1.23040824549
2098.0 0.876838885729
2099.5 -0.143452855408
2101.0 -3.40077802379
2102.5 -17.070963296
2104.0 63.6244111022
2105.5 -15.2257785902
2107.0 0.281407654921
2108.5 -2.38103621205
2110.0 -3.84395310397
2111.5 -3.35456292773
2113.0 -0.387552964862
2114.5 -0.577100695738
2116.0 0.279029620795
2117.5 0.384989851833
2119.0 1.33203464164
2120.5 0.904358153221
2122.0 0.88842779547
2123.5 -0.832873568358
2125.0 0.395599383766
2126.5 -0.83063487659
2128.0 -0.240290663804
2129.5 0.67096395227
2131.0 -0.310478224463
2132.5 -0.307389370033
2134.0 -0.921738592754
2135.5 -2.08053823434
2137.0 0.347588119266
2138.5 -1.0965880386
2140.0 -0.175309656004
2141.5 0.229502919632
2143.0 0.590214167166
2144.5 1.02740716499
2146.0 0.524381991572
2147.5 -0.908755491728
2149.0 -1.42654368296
2150.5 -2.96484092659
2152.0 0.673778442304
2153.5 2.10776814041
2155.0 0.338456682516
2156.5 -1.58094303038
2158.0 -3.16865532165
2159.5 -7.26745714145
2161.0 -1.5821954069
2162.5 32.9177370743
2164.0 14.2593325582
2165.5 5.64788491075
2167.0 -5.15051503573
2168.5 -1.84495175736
2170.0 1.03133226434
2171.5 1.97742332288
2173.0 1.16445239399
2174.5 1.82499224725
2176.0 0.110314702126
2177.5 0.719417751001
2179.0 -0.387329832013
2180.5 0.913586848475
2182.0 -0.385075541004
2183.5 -0.519530102266
2185.0 0.963686208899
2186.5 -0.0362987951334
2188.0 -0.198266761412
2189.5 -0.0158435929273
2191.0 -0.123365808383
2192.5 0.570644847993
2194.0 0.920030186889
2195.5 1.2624059623
2197.0 0.808315900024
2198.5 0.132063970614
2200.0 0.343307787269
2201.5 0.32732466293
2203.0 -0.0543319374303
2204.5 -0.208116535501
2206.0 -0.801917586233
2207.5 -0.416302051758
2209.0 -1.47255491847
2210.5 0.420710966954
2212.0 1.07874480219
2213.5 0.662996180848
2215.0 -0.474154120034
2216.5 -0.53216178226
2218.0 2.20144558752
2219.5 0.392165053188
2221.0 -1.9116747547
2222.5 4.56712264683
2224.0 3.50452104515
2225.5 -7.617740744
2227.0 -0.56108947036
2228.5 5.0340031338
2230.0 -3.54436999616
2231.5 15.7998610858
2233.0 -4.47931247409
2234.5 -0.279911929586
2236.0 -16.9904476426
2237.5 215.623848512
2239.0 -321.34428827
2240.5 -143.749816593
2242.0 -78.8563910435
2243.5 21.3850319482
2245.0 28.4228643244
2246.5 -83.8860015917
2248.0 -64.7284086468
2249.5 2.07680258999
2251.0 -5.39158718382
2252.5 -9.9693630653
2254.0 -21.0015740568
2255.5 -10.3764464362
2257.0 5.25754266384
2258.5 4.95109103368
2260.0 -27.6158096928
2261.5 -7.31389686311
2263.0 -8.16900822997
2264.5 -0.949714902419
2266.0 -3.3451821891
2267.5 -0.482683072817
2269.0 -0.930006526825
2270.5 -1.18330876535
2272.0 -2.72660108357
2273.5 -0.138832317786
2275.0 0.574664983662
2276.5 2.06210476272
2278.0 3.5046141209
2279.5 -3.92628366445
2281.0 0.367781299728
2282.5 2.31549758545
2284.0 1.49210569897
2285.5 0.706548322356
2287.0 1.46104906509
2288.5 -3.38609995136
2290.0 1.77274757188
2291.5 -4.51208935224
2293.0 -2.88374670119
2294.5 1.69318191574
2296.0 -6.05669114619
2297.5 -1.55469259553
2299.0 -0.253978893156
2300.5 4.09250687554
2302.0 -1.36331735991
2303.5 16.5779168095
2305.0 -12.769780087
2306.5 -0.360490262787
2308.0 7.86564331068
2309.5 -1.09327887155
2311.0 -1.40695562529
2312.5 -0.921811905881
2314.0 0.655936450917
2315.5 1.67447443524
2317.0 -0.164031156761
2318.5 -0.645800233518
2320.0 -0.52088203066
2321.5 0.56357911047
2323.0 0.972034310296
2324.5 3.75743436006
2326.0 -1.60478143923
2327.5 0.712564763707
2329.0 0.142251162686
2330.5 0.255488047159
2332.0 1.19519410915
2333.5 0.99212662185
2335.0 -0.0297256560275
2336.5 1.27155273423
2338.0 2.07756305905
2339.5 1.32100051603
2341.0 4.7715915094
2342.5 3.91731359344
2344.0 0.52751275602
2345.5 0.552702236979
2347.0 3.0894686984
2348.5 5.95718224181
2350.0 6.1540435891
2351.5 0.544139277325
2353.0 -4.94669884774
2354.5 -1.06375707961
2356.0 3.51937395698
2357.5 2.1039306069
2359.0 3.13563019873
2360.5 6.59192165387
2362.0 2.86753094786
2363.5 0.908358276013
2365.0 -0.128894529004
2366.5 -2.16053875943
2368.0 -3.04055557856
2369.5 0.33607855284
2371.0 -1.67694285747
2372.5 -1.47403081907
2374.0 -0.452137471758
2375.5 -0.361921426209
2377.0 0.729805807617
2378.5 1.45477705258
2380.0 0.194885223598
2381.5 0.534087569689
2383.0 0.320391912078
2384.5 -0.926353798188
2386.0 1.4137855829
2387.5 0.331723606878
2389.0 -0.0831316638947
2390.5 -0.819864193544
2392.0 0.132162560089
2393.5 -0.490852078647
2395.0 -0.848108886178
2396.5 -0.0355962799081
2398.0 3.1218384021
2399.5 2.71754008061
2401.0 1.38261310561
2402.5 0.861013294378
2404.0 0.968791794486
2405.5 2.34545355747
2407.0 3.68788779258
2408.5 -2.86164355349
2410.0 12.7211245587
2411.5 -20.9652304286
2413.0 116.831527422
2414.5 -43.4367479574
2416.0 -17.1492546227
2417.5 64.0206659511
2419.0 30.1585295368
2420.5 2.19597967015
2422.0 -2.09446941082
2423.5 1.5834109233
2425.0 2.3126465779
2426.5 -0.281645137726
2428.0 0.842862350679
2429.5 1.73324190895
2431.0 0.497192161293
2432.5 0.503859733734
2434.0 0.238384816703
2435.5 0.79843027181
2437.0 0.326762541158
2438.5 0.0920136544958
2440.0 0.587694843678
2441.5 0.463478338055
2443.0 0.529596654324
2444.5 0.301266510618
2446.0 -0.20488527362
2447.5 -0.0101902558472
2449.0 -0.0994911250123
2450.5 0.801044086574
2452.0 1.07826556797
2453.5 1.60803077357
2455.0 1.07720037126
2456.5 -0.309804509002
2458.0 -0.971629232128
2459.5 9.15555800891
2461.0 7.11682463262
2462.5 -0.194544759534
2464.0 -2.46687768403
2465.5 1.96060162988
2467.0 -1.0972934846
2468.5 -1.18121204855
2470.0 -0.361203925862
2471.5 0.246421515124
2473.0 2.25185838458
2474.5 -0.698087451797
2476.0 0.708831885898
2477.5 -0.240846141044
2479.0 1.06935880171
2480.5 1.15304779043
2482.0 1.14341862452
2483.5 0.0191628722313
2485.0 0.534333740054
2486.5 -0.606010625531
2488.0 4.14895616016
2489.5 34.8399707674
2491.0 -2.53550274201
2492.5 0.783156902728
2494.0 -0.409563133576
2495.5 2.10668223681
2497.0 -0.97128521789
2498.5 -3.02093428079
2500.0 -3.3342962832
2501.5 -8.32548702539
2503.0 23.9756718395
2504.5 -0.500649006267
2506.0 1.58902267002
2507.5 0.535289287271
2509.0 0.377705589901
2510.5 -1.46347985952
2512.0 0.333791797995
2513.5 0.329174194183
2515.0 0.967154941501
2516.5 0.68718849775
2518.0 -0.707030633644
2519.5 -0.262644671279
2521.0 -0.486976640461
2522.5 0.162346505955
2524.0 0.64444381248
2525.5 2.8495084953
2527.0 4.69121967885
2528.5 4.80945941258
2530.0 9.93733534942
2531.5 -1.03292911603
2533.0 -0.0642280765021
2534.5 -0.34576141095
2536.0 -2.76679461207
2537.5 1.27609274329
2539.0 0.753489486449
2540.5 -1.16454991247
2542.0 -1.93962584306
2543.5 -1.03664669022
2545.0 -1.64303141576
2546.5 -1.74219034827
2548.0 -2.07140282878
2549.5 -2.5919956487
2551.0 -1.41901860787
2552.5 1.11521118243
2554.0 -1.3712459685
2555.5 3.58311853537
2557.0 4.44417080188
2558.5 -2.23691058358
2560.0 18.1062354593
2561.5 1.71815798935
2563.0 3.10447224818
2564.5 6.01748949956
2566.0 7.19518588342
2567.5 -1.00046813823
2569.0 0.137806246199
2570.5 -1.96302689333
2572.0 5.53227007166
2573.5 3.26597822237
2575.0 5.19920220333
2576.5 6.54247924127
2578.0 18.8205210343
2579.5 58.4899367955
2581.0 -46.8951255974
2582.5 -10.3904727717
2584.0 -9.08426471296
2585.5 8.09763983436
2587.0 -1.33750025588
2588.5 6.15401049051
2590.0 -7.03701584805
2591.5 -20.5559223978
2593.0 49.9860135838
2594.5 3.79396196055
2596.0 18.92067627
2597.5 3.56481350135
2599.0 1.49618757374
2600.5 -2.28068056278
2602.0 1.6349567732
2603.5 1.56622240622
2605.0 0.279920348012
2606.5 -0.300033381733
2608.0 1.3278342608
2609.5 1.43693855125
2611.0 0.637098172055
2612.5 1.21499459372
2614.0 0.679934313659
2615.5 1.81211643657
2617.0 0.990096221652
2618.5 0.126068594644
2620.0 -0.818414987661
2621.5 0.30803721868
2623.0 -0.390864456034
2624.5 -0.234612731688
2626.0 0.877301359161
2627.5 0.655094419372
2629.0 0.973149908185
2630.5 0.764444525407
2632.0 0.498665505539
2633.5 -1.52816565203
2635.0 -0.0310794723673
2636.5 1.88889911107
2638.0 1.12461328698
2639.5 0.628059512646
2641.0 -0.137710703751
2642.5 1.1848358446
2644.0 -0.652984582834
2645.5 1.11927562953
2647.0 1.81009455061
2648.5 5.59598068706
2650.0 0.14261976964
2651.5 1.78901418734
2653.0 1.92043695278
2654.5 1.49499715971
2656.0 -1.29678635003
2657.5 1.32525697148
2659.0 1.14720321229
2660.5 2.89587520726
2662.0 0.438686286271
2663.5 0.962190365206
2665.0 0.819604554649
2666.5 0.85037350378
2668.0 1.67369881282
2669.5 1.53327080748
2671.0 1.88700727038
2672.5 0.795847115968
2674.0 1.66293186213
2675.5 1.44744067485
2677.0 0.776145292597
2678.5 0.365499830771
2680.0 0.843274188117
2681.5 0.824524520644
2683.0 0.856749650578
2684.5 0.975015319356
2686.0 1.45976945353
2687.5 1.30367437168
2689.0 0.699967880517
2690.5 0.877273812777
2692.0 0.487821040841
2693.5 1.01785234029
2695.0 0.821486231744
2696.5 0.815556861525
2698.0 1.07052043608
2699.5 1.26640018619
2701.0 0.951710250754
2702.5 0.955647398363
2704.0 1.80595221849
2705.5 1.59792153383
2707.0 0.914072307343
2708.5 1.03041395395
2710.0 0.821629873708
2711.5 0.899169574939
2713.0 0.901829648486
2714.5 0.848742379493
2716.0 0.782301034898
2717.5 1.2734867194
2719.0 0.920925169377
2720.5 0.674064547004
2722.0 0.759051645506
2723.5 0.654155026301
2725.0 0.683381973579
2726.5 0.880357554418
2728.0 1.07418609345
2729.5 0.953918063377
2731.0 0.861532455279
2732.5 1.14343061967
2734.0 1.17158671877
2735.5 1.08885988674
2737.0 1.05694369943
2738.5 1.38454647689
2740.0 1.43268013827
2741.5 0.587935748826
2743.0 0.962793898334
2744.5 1.13104048811
2746.0 0.664235558261
2747.5 1.06324026081
2749.0 0.90028905761
2750.5 1.23853448991
2752.0 0.820635732111
2753.5 1.15637563538
2755.0 1.02816979342
2756.5 1.11496196974
2758.0 1.14118759596
2759.5 1.46680321759
2761.0 0.952702558049
2762.5 1.28367260322
2764.0 1.21194836285
2765.5 1.04785440851
2767.0 0.968967667898
2768.5 0.835759762086
2770.0 1.10167093487
2771.5 1.07760889679
2773.0 0.870330632849
2774.5 0.77892641787
2776.0 0.9046886978
2777.5 0.674087878095
2779.0 0.618334013507
2780.5 0.988466515242
2782.0 1.09132747742
2783.5 1.02722169839
2785.0 0.803703624807
2786.5 0.996326521323
2788.0 1.07188180885
2789.5 0.719680159728
2791.0 0.765093719925
2792.5 1.07137827659
2794.0 1.00110514326
2795.5 0.83268059855
2797.0 0.664505120807
2798.5 0.57373147348
2800.0 0.474154489148
2801.5 0.638904257026
2803.0 0.73176590557
2804.5 0.521674555612
2806.0 0.616429122754
2807.5 0.691775864015
2809.0 1.05548190969
2810.5 1.08044528194
2812.0 1.15957623176
2813.5 1.04049134289
2815.0 0.913120189965
2816.5 1.05082317554
2818.0 1.05935577946
2819.5 0.981286839805
2821.0 0.916340762115
2822.5 0.971058172655
2824.0 0.954218773309
2825.5 0.898051095449
2827.0 0.875230609207
2828.5 1.06050508559
2830.0 1.00348285218
2831.5 1.12753803903
2833.0 1.41463315888
2834.5 0.942168809242
2836.0 0.935665926799
2837.5 1.04086004092
2839.0 1.21874564438
2840.5 1.35498744325
2842.0 1.35938154705
2843.5 1.13627995248
2845.0 0.942265905964
2846.5 1.29794935172
2848.0 1.19624712439
2849.5 0.950182241731
2851.0 1.16886016178
2852.5 0.954992955345
2854.0 0.730136357373
2855.5 0.505559346778
2857.0 0.621168650891
2858.5 0.75543464752
2860.0 0.763498232858
2861.5 0.723903330657
2863.0 0.833983919975
2864.5 1.00081127058
2866.0 0.998036819097
2867.5 1.12465141661
2869.0 0.995655881417
2870.5 0.996935440259
2872.0 0.99657415267
2873.5 0.980796178852
2875.0 1.10588665708
2876.5 0.932538109917
2878.0 1.03646014316
2879.5 1.0453452871
2881.0 0.959458269954
2882.5 0.739567641216
2884.0 0.915633444568
2885.5 1.03432412218
2887.0 0.986437160423
2888.5 0.974710819932
2890.0 0.882239314248
2891.5 1.10838775065
2893.0 0.82158233391
2894.5 1.02718206494
2896.0 1.07316821488
2897.5 0.985555421904
2899.0 1.13374530884
2900.5 1.1306776355
2902.0 1.11269975401
2903.5 1.11130559414
2905.0 1.06705326609
2906.5 0.968206367532
2908.0 1.05318333238
2909.5 1.15843604089
2911.0 1.08371330128
2912.5 0.957750361795
2914.0 0.989860827713
2915.5 0.924722441164
2917.0 1.02579006628
2918.5 1.07292962794
2920.0 0.981513247177
2921.5 0.98454466881
2923.0 1.01037494533
2924.5 1.0029407846
2926.0 0.985933826022
2927.5 0.967254699965
2929.0 1.06176072853
2930.5 0.979309518649
2932.0 1.06137628374
2933.5 1.02503743432
2935.0 0.877799262127
2936.5 0.984573241315
2938.0 0.93702428702
2939.5 1.03106613812
2941.0 0.953373699162
2942.5 0.916477020065
2944.0 0.935173454589
2945.5 1.06497390985
2947.0 1.04786493309
2948.5 0.78943690284
2950.0 0.923712009594
2951.5 1.09958725544
2953.0 1.03858333979
2954.5 0.972452291971
2956.0 0.992265888884
2957.5 0.980014703125
2959.0 1.26392326137
2960.5 1.14323935659
2962.0 0.987600925103
2963.5 1.0734581687
2965.0 1.03194506255
2966.5 0.913376356475
2968.0 1.12187966031
2969.5 0.844810032233
2971.0 1.01614740067
2972.5 1.07921842039
2974.0 1.00941044169
2975.5 0.939208908431
2977.0 0.998696900698
2978.5 1.03071094817
2980.0 1.08370227932
2981.5 1.05789496596
2983.0 0.939818648368
2984.5 1.24210520313
2986.0 1.01410069306
2987.5 1.03439641364
2989.0 1.16143062997
2990.5 1.02076021957
2992.0 1.2552507395
2993.5 1.28317915128
2995.0 1.14806031294
2996.5 1.08095235257
2998.0 1.12304071987
2999.5 1.08384136362
3001.0 0.86147229363
3002.5 0.902694288424
3004.0 1.29058693906
3005.5 1.14378384497
3007.0 0.981397278764
3008.5 1.21252162937
3010.0 1.21089390515
3011.5 1.20743462925
3013.0 1.19339352315
3014.5 1.13759511958
3016.0 1.18792889008
3017.5 1.00978366531
3019.0 0.981074938008
3020.5 1.09938947768
3022.0 1.14069525304
3023.5 1.05696212016
3025.0 0.953006585815
3026.5 1.02772008824
3028.0 0.993318834663
3029.5 0.839307383251
3031.0 1.0677084039
3032.5 1.11779997694
3034.0 1.13843240147
3035.5 0.995469678239
3037.0 0.863271900678
3038.5 0.987213606429
3040.0 0.922632444092
3041.5 0.939837140685
3043.0 1.03190932665
3044.5 0.950290992942
3046.0 0.763231275386
3047.5 0.81331783531
3049.0 0.806031623856
3050.5 1.01330047402
3052.0 0.994913722248
3053.5 0.984738230278
3055.0 1.02401999651
3056.5 1.07081226634
3058.0 0.819267190452
3059.5 0.91420696959
3061.0 0.934648848555
3062.5 0.850639024881
3064.0 1.0390841612
3065.5 1.16558645666
3067.0 1.20096664269
3068.5 1.34051479538
3070.0 0.930977374885
3071.5 1.15897334594
3073.0 0.993406688552
3074.5 1.03289664398
3076.0 0.96815466221
3077.5 1.04492964176
3079.0 1.05471922407
3080.5 0.93079957596
3082.0 0.946227596442
3083.5 0.925679791499
3085.0 0.900438411828
3086.5 0.950989105424
3088.0 1.02715551156
3089.5 1.08170339494
3091.0 1.14746398175
3092.5 1.11506195482
3094.0 1.22837700341
3095.5 1.07309058808
3097.0 1.02596720003
3098.5 1.17329401237
3100.0 1.13481953715
3101.5 0.917949509869
3103.0 0.950491937795
3104.5 1.06292350166
3106.0 0.975317122957
3107.5 0.950891206789
3109.0 1.06565632178
3110.5 0.982497323455
3112.0 1.03863688499
3113.5 1.00730156358
3115.0 0.97611641987
3116.5 0.985574910222
3118.0 1.13848050253
3119.5 0.969957423706
3121.0 0.943233006478
3122.5 1.10525162774
3124.0 1.03030957269
3125.5 1.12764127597
3127.0 1.07257689307
3128.5 0.991924790332
3130.0 1.06800388654
3131.5 1.01182725025
3133.0 1.04447792645
3134.5 0.836205736847
3136.0 0.968448303281
3137.5 1.00138159499
3139.0 1.03365497973
3140.5 0.819095368432
3142.0 0.813053627313
3143.5 1.01435279521
3145.0 0.998576449235
3146.5 0.698523958127
3148.0 0.77693315394
3149.5 0.651674344644
3151.0 0.475412478527
3152.5 1.03539145244
3154.0 1.47698869918
3155.5 0.062903928234
